6.181084161145110377e-04,8.352318553535467463e-06
1.827404830480245691e-03,7.639301590380075391e-01
3.059713351216810338e-03,4.721468878629915267e-01
4.274310000885956154e-03,2.918020848185897131e-01
5.475432236216086317e-03,9.442595373573264839e-01
6.721817754623072086e-03,1.803543881804013649e-01
7.934790844572877505e-03,5.836000965775414162e-01
9.155062936136491511e-03,6.524845639712505418e-01
1.035451565953279113e-02,1.114448420026777631e-01
1.158385322981388826e-02,8.753866898780471306e-01
1.280093896415343199e-02,3.606758359132710146e-01
1.403740137161123801e-02,4.032652586300209396e-01
1.524828857073416699e-02,8.328201161291873822e-01
1.647325492723386922e-02,6.889354779035498921e-02
1.768120165240327085e-02,6.950465898260776987e-01
1.889412313176172878e-02,5.410113466042185681e-01
2.012361538984804368e-02,2.229140241736989603e-01
2.132816516024707912e-02,9.868310842491861967e-01
2.257096436499977238e-02,2.492335837514601804e-01
2.378450196338786904e-02,5.147124416625035170e-01
2.500786852866114171e-02,7.213674185244572934e-01
2.621507701122346989e-02,4.256803732051561706e-02
2.745337493976813745e-02,8.065188455541485446e-01
2.867052198540616728e-02,4.295754678952058425e-01
2.988653608222785821e-02,3.343770273067847576e-01
3.108825118011743910e-02,9.016901276992528302e-01
3.231605856718679920e-02,1.377664003909900292e-01
3.352267694407887882e-02,6.261506990838969777e-01
3.474555760646547836e-02,6.098928300396043722e-01
3.598119051686714254e-02,1.540342332668687975e-01
3.720258421207035815e-02,9.179681372671566475e-01
3.842888749184250607e-02,3.181215558389885456e-01
3.962883613896762969e-02,4.458194098042304598e-01
4.084970913737911297e-02,7.902393080938537873e-01
4.207224255522182266e-02,2.631030681636787813e-02
4.328321559021598014e-02,7.376113201707399369e-01
4.450091224101632159e-02,4.984359071114980999e-01
4.573096661360444987e-02,2.654840918043120390e-01
4.694289357771496557e-02,9.705748190575324008e-01
4.817590896325251587e-02,2.066562997477413843e-01
4.938832780240464543e-02,5.572789839083733821e-01
5.061989872548957464e-02,6.787972201193070987e-01
5.183537393603664806e-02,8.515105065218191160e-02
5.304305995857871991e-02,8.490712469798086248e-01
5.427842255492058843e-02,3.870011398627452026e-01
5.549709647431392417e-02,3.769503041057274961e-01
5.670388653594604644e-02,8.591235344531062967e-01
5.792037585682714707e-02,9.518848907865884446e-02
5.915190535073094197e-02,6.687426438974056753e-01
6.035487050254906283e-02,5.673199143337093187e-01
6.157621671349009645e-02,1.965919758703413012e-01
6.278985860578509270e-02,9.605181280677209665e-01
6.403313793833848022e-02,2.755435776835059025e-01
6.524892837977415427e-02,4.884022184518936327e-01
6.646966967617763677e-02,7.476770400306879116e-01
6.769148564118969424e-02,1.626979632347856988e-02
6.890118645657129781e-02,7.801920074439520070e-01
7.012404698768150146e-02,4.558768132561846209e-01
7.133048161579656765e-02,3.080463232133608398e-01
7.254922347785169867e-02,9.279989203556976429e-01
7.378562204151799253e-02,1.640837842240282507e-01
7.499911878677265054e-02,5.998524912995980563e-01
7.622150110080734564e-02,6.362165938926603870e-01
7.744710362370170464e-02,1.277254967466965319e-01
7.866264385121952973e-02,8.916535472793061246e-01
7.987968229880054727e-02,3.444201710046465026e-01
8.109936607197394676e-02,4.195152901102441878e-01
8.231109603957507959e-02,8.165485153547639152e-01
8.352228103154170358e-02,5.260816565139479067e-02
8.475416821308635884e-02,7.113076231666177751e-01
8.596690806929327411e-02,5.247497232984891236e-01
8.719233319035744889e-02,2.391708087540582450e-01
8.842540863028255926e-02,9.969051544688071198e-01
8.962603474042271645e-02,2.329542458836115215e-01
9.084019215675881442e-02,5.309561986357349550e-01
9.206650560646408021e-02,7.050916473589956546e-01
9.328639005359044833e-02,5.882741714273599654e-02
9.451713160105874867e-02,8.227706689952960506e-01
9.573344610220552164e-02,4.133039837687442764e-01
9.695987494539959339e-02,3.506384329498062891e-01
9.817574126647339583e-02,8.854432095423406812e-01
9.938738984333658766e-02,1.215033234238682147e-01
1.006193298897764127e-01,6.424354188094585361e-01
1.018191150280459562e-01,5.936319792179204358e-01
1.030342290266199334e-01,1.702753385564714228e-01
1.042557941420968193e-01,9.342094139770401595e-01
1.054945841265425704e-01,3.018528442304241333e-01
1.067061547936052207e-01,4.620847952387179269e-01
1.079165021883851661e-01,7.739716929015952873e-01
1.091463733163141325e-01,1.005002933418859025e-02
1.103552534177656419e-01,7.538714247781537203e-01
1.115913512309474886e-01,4.821919378581647764e-01
1.128032364718162817e-01,2.817444284423737400e-01
1.140207628422590380e-01,9.543182800788049258e-01
1.152378509783276855e-01,1.903838335195520703e-01
1.164673866644243688e-01,5.735461095502429885e-01
1.176787137991022331e-01,6.625216269496552179e-01
1.188898673755889035e-01,1.013936108715911277e-01
1.201103050579914733e-01,8.653265588590854929e-01
1.213555456605045491e-01,3.707438547250646588e-01
1.225734323381313245e-01,3.932147067493947379e-01
1.237865764370064264e-01,8.428718161108951223e-01
1.249928618890688847e-01,7.892656686763610541e-02
1.262338163529679314e-01,6.850126216794925060e-01
1.274475228934136006e-01,5.510781584813093659e-01
1.286651490911329132e-01,2.128689750278268678e-01
1.298765049238458646e-01,9.767928411656457977e-01
1.310906171207879556e-01,2.592666486226908873e-01
1.323047680171388352e-01,5.046461248690939927e-01
1.335488598291629248e-01,7.314218219403945120e-01
1.347547492771290767e-01,3.252112673926780412e-02
1.359665354684388983e-01,7.964454232356835695e-01
1.371892059946387410e-01,4.396075640198773837e-01
1.384170493771018917e-01,3.243209577545018152e-01
1.396242918531384047e-01,9.117395804877056475e-01
1.408645309232954834e-01,1.478282848625412649e-01
1.420810524246900741e-01,6.161224917173796500e-01
1.432993738706082598e-01,6.199600584191826691e-01
1.445101247877980111e-01,1.439765846906427005e-01
1.457355886841677495e-01,9.079145588921184729e-01
1.469537834746619531e-01,3.281598639372434456e-01
1.481753002012669018e-01,4.357792910193727942e-01
1.493775745219859674e-01,8.002805855938960322e-01
1.506071892500661646e-01,3.635866562665477503e-02
1.518152931150567597e-01,7.275568148484238273e-01
1.530485972810745332e-01,5.084970042669917367e-01
1.542631055247662419e-01,2.554296478683168448e-01
1.554769672008800563e-01,9.806223047961258876e-01
1.566952257002354465e-01,2.166890286001597610e-01
1.579295013589078478e-01,5.472335746177197091e-01
1.591362985661139429e-01,6.888270320753668852e-01
1.603788146377553847e-01,7.510790850675079511e-02
1.615878372298689136e-01,8.390294414039702886e-01
1.628002094452602189e-01,3.970363388685202444e-01
1.640271620576671252e-01,3.668937868419236970e-01
1.652293537765557874e-01,8.691624138091443852e-01
1.664773950979646921e-01,1.052589204352318286e-01
1.676823872999068099e-01,6.586865429994245291e-01
1.689110590008308099e-01,5.773895149474265187e-01
1.701092295731683746e-01,1.865384058828697122e-01
1.713410566564280146e-01,9.504827432712069646e-01
1.725606922864132420e-01,2.855845441470161172e-01
1.737938361724077618e-01,4.783605433973702747e-01
1.750021868308651030e-01,7.577229693007966338e-01
1.762187039451541537e-01,6.210431780300296363e-03
1.774319199897284038e-01,7.701361581299520642e-01
1.786534014938214177e-01,4.659195798777600039e-01
1.798786790366607158e-01,2.980079377870680224e-01
1.810956985201312430e-01,9.380588075133984294e-01
1.823024881731670765e-01,1.741140624711127738e-01
1.835465332903717661e-01,5.898133229560402757e-01
1.847681756332877900e-01,6.462766805405620874e-01
1.859646417405182439e-01,1.176564520163703165e-01
1.871967693946200995e-01,8.816010899755497565e-01
1.884027004799126714e-01,3.544566013011940520e-01
1.896393975638121787e-01,4.094687387549254542e-01
1.908469888348731380e-01,8.265978202655115403e-01
1.920780311778869653e-01,6.267732791317547070e-02
1.932996034943380292e-01,7.012664756007124245e-01
1.945203855942657933e-01,5.348166129388829404e-01
1.957197481995718302e-01,2.291116409161298439e-01
1.969639028001566317e-01,9.930683058217922854e-01
1.981625065241126582e-01,2.430041297827368885e-01
1.993761406267126890e-01,5.209055642585318502e-01
2.006114284289448602e-01,7.151499822968977460e-01
2.018253329964592446e-01,4.877977723846201041e-02
2.030588350531442876e-01,8.127257896002246795e-01
2.042776905936604936e-01,4.233616403756204627e-01
2.054822298442933737e-01,3.405742050015573286e-01
2.067211249815569807e-01,8.955020053728739438e-01
2.079204548121384166e-01,1.315498005081054966e-01
2.091468005222326676e-01,6.323763065947578532e-01
2.103584135698343682e-01,6.036846898751584423e-01
2.115986598649405026e-01,1.602531865476492512e-01
2.127946526773653035e-01,9.241616896651516644e-01
2.140105155676644000e-01,3.118821877869671910e-01
2.152419236908537370e-01,4.520339812888236608e-01
2.164784260842699815e-01,7.840470289129297665e-01
2.176948682093370335e-01,2.011193634264694247e-02
2.189100185371785634e-01,7.438396070504096347e-01
2.201338656247218972e-01,4.922478643673603993e-01
2.213534587390151853e-01,2.717080678624298473e-01
2.225615505597678956e-01,9.643724799117634472e-01
2.237748758857265596e-01,2.004342705423721727e-01
2.250082930619546062e-01,5.635004331006304712e-01
2.262244408921697536e-01,6.725807661581724162e-01
2.274351724917339501e-01,9.135233314059341969e-02
2.286461727642701836e-01,8.552758437182071960e-01
2.298855728540045440e-01,3.807872940340142898e-01
2.310903189181683914e-01,3.831450104822889946e-01
2.323303906448333511e-01,8.529290424341716692e-01
2.335286881272867765e-01,8.897580522127521152e-02
2.347445962784271700e-01,6.749368187578089762e-01
2.359857046546379455e-01,5.611297523579834579e-01
2.371845513511166015e-01,2.028017944406820261e-01
2.384048557411023728e-01,9.667346091357453819e-01
2.396371763046195313e-01,2.693266199219436774e-01
2.408650781110011352e-01,4.946198521158277073e-01
2.420639156910278644e-01,7.414502899177091155e-01
2.432869001119786490e-01,2.246669472698884645e-02
2.445206525865317448e-01,7.864129575066195477e-01
2.457460922690872240e-01,4.496778624097755306e-01
2.469512421093354448e-01,3.142685676396068106e-01
2.481598749238582702e-01,9.217885756738751768e-01
2.493754248868203793e-01,1.578525909415157968e-01
2.506015139033536121e-01,6.060563703488861531e-01
2.518180433602983936e-01,6.299921400243223557e-01
2.530541969107809042e-01,1.339340739664970081e-01
2.542567631861167299e-01,8.978491505469103906e-01
2.554879978637689120e-01,3.382074904417716188e-01
2.567132397084037621e-01,4.257306476793526473e-01
2.579293023356469816e-01,8.103457255230067657e-01
2.591371882820628358e-01,4.640207677407263281e-02
2.603751257477494585e-01,7.175300646339595190e-01
2.615919331441955986e-01,5.185537522455624382e-01
2.628121641464608582e-01,2.453921236428829311e-01
2.640131420046206712e-01,9.906718917153445325e-01
2.652324315184039771e-01,2.267396465337779277e-01
2.664764500777745959e-01,5.371939404894578995e-01
2.676798042132264022e-01,6.988839498379004755e-01
2.688963703869445832e-01,6.503888140878297253e-02
2.701216031721143662e-01,8.289766244990588451e-01
2.713464287869745140e-01,4.070959703256557538e-01
2.725748665627148459e-01,3.568549084998144383e-01
2.737739770191122690e-01,8.792204491671505862e-01
2.750129514765034533e-01,1.153078889291917902e-01
2.762050262040057214e-01,6.486225990563664334e-01
2.774407072573880639e-01,5.874325753194333810e-01
2.786626211924293495e-01,1.765052146550021017e-01
2.798660334574314401e-01,9.404211372250533829e-01
2.810865957194226827e-01,2.956238596954751663e-01
2.823146071438815685e-01,4.682947315217155793e-01
2.835507997534189584e-01,7.677849943387716758e-01
2.847590256875985881e-01,3.841685577658234246e-03
2.859888116835853644e-01,7.601064669766804949e-01
2.872044012474271879e-01,4.759839917467870163e-01
2.884136396829742321e-01,2.879563155862245871e-01
2.896428281539406013e-01,9.481193492626573960e-01
2.908389584385358551e-01,1.841639448519027944e-01
2.920612543901452973e-01,5.797414612086567720e-01
2.933027264821610469e-01,6.563246435048849525e-01
2.945212444234245330e-01,1.076264718521480757e-01
2.957235561201818630e-01,8.715412938539546239e-01
2.969521576094694693e-01,3.645194705462005413e-01
2.981739638969725381e-01,3.994167222409572560e-01
2.994014554559077945e-01,8.366656990019958329e-01
3.006128996084554417e-01,7.272560845919362471e-02
3.018266027917461125e-01,6.912068920509920611e-01
3.030449446354697152e-01,5.448545840955649755e-01
3.042660329904381955e-01,2.190713428598392853e-01
3.054924369215115676e-01,9.830102570960186359e-01
3.067185210558461272e-01,2.530735564298915996e-01
3.079254236854291338e-01,5.108682644700913711e-01
3.091386536452119249e-01,7.251906196286144191e-01
3.103578250720426257e-01,3.872568646691685462e-02
3.115928662890318224e-01,8.026732379889551794e-01
3.128145295354702315e-01,4.334118914328798366e-01
3.140123560390199464e-01,3.305177483491553714e-01
3.152306877700291055e-01,9.055249802767957323e-01
3.164662937092608819e-01,1.416090515206775979e-01
3.176721394281766253e-01,6.223150626535731700e-01
3.189123373228797687e-01,6.137520257436535065e-01
3.201161687400586597e-01,1.501841125756104289e-01
3.213306058516149921e-01,9.141110599922727120e-01
3.225738100753807180e-01,3.219588944101047234e-01
3.237702906013029125e-01,4.419757653521158569e-01
3.249934365878761611e-01,7.940754515319572437e-01
3.262089516279021995e-01,3.013943187663332621e-02
3.274273015263312603e-01,7.337703071924054354e-01
3.286439374395224711e-01,5.022713482976105537e-01
3.298644937624745088e-01,2.616325200387606409e-01
3.310876415082602553e-01,9.744119829757054152e-01
3.323034567662386252e-01,2.104762635383339020e-01
3.335393641407350951e-01,5.534449213322824024e-01
3.347616071502073076e-01,6.826313445316596340e-01
3.359723667822205329e-01,8.130294458392298140e-02
3.371895728992973518e-01,8.452326610061058343e-01
3.384147721413726662e-01,3.908299054368320480e-01
3.396455794189706112e-01,3.731136881359342627e-01
3.408643637691104455e-01,8.629764276738700612e-01
3.420592522884760012e-01,9.901978149794252171e-02
3.432829725124877385e-01,6.648886121447125097e-01
3.445041690509482724e-01,5.711616288697149990e-01
3.457240666943851015e-01,1.927547269368219962e-01
3.469533912393824027e-01,9.566965617868684602e-01
3.481681787324909516e-01,2.793710344652647892e-01
3.493765016499977838e-01,4.845446928076958537e-01
3.506059028700749813e-01,7.515056892122058407e-01
3.518299924679487156e-01,1.242320423580192679e-02
3.530366363385031292e-01,7.763423584114623743e-01
3.542784591022496432e-01,4.597236413583876136e-01
3.554741451788556161e-01,3.042048878619700303e-01
3.567202695691773506e-01,9.318623824346154993e-01
3.579146071079749580e-01,1.679051852781200671e-01
3.591568163094999155e-01,5.960250899078755049e-01
3.603781296690221625e-01,6.400656384484674222e-01
3.615999869109934872e-01,1.238932811195810890e-01
3.628140861548863616e-01,8.878198906685231817e-01
3.640329109006332775e-01,3.482658155940856481e-01
3.652482464413412955e-01,4.156790715651900725e-01
3.664719206205663826e-01,8.204017559233758305e-01
3.676717851283052840e-01,5.645008573576475175e-02
3.689035386596325461e-01,7.074718946987424983e-01
3.701223848436033803e-01,5.285976160604198837e-01
3.713523650043940028e-01,2.353457416536590963e-01
3.725598414440729478e-01,9.992657283984440753e-01
3.737769844358567184e-01,2.367976115666803327e-01
3.750042549777816148e-01,5.271351625423079668e-01
3.762123921743140698e-01,7.089299499144378069e-01
3.774280417198461746e-01,5.498396989452762618e-02
3.786578621120129107e-01,8.189263005918003824e-01
3.798755149197742265e-01,4.171384685739051301e-01
3.810894076201380987e-01,3.467828667100807394e-01
3.823130338966498343e-01,8.892729181601377597e-01
3.835325119649337089e-01,1.253408615330717513e-01
3.847508382794028181e-01,6.385818282846634775e-01
3.859719348804794836e-01,5.974772150579745755e-01
3.872007848580931721e-01,1.664567954735090005e-01
3.884084413559320548e-01,9.303769622764539449e-01
3.896478310343510776e-01,3.056985071258532249e-01
3.908663520737664099e-01,4.582598936044434135e-01
3.920725887325701153e-01,7.778201954333724411e-01
3.932874500367379844e-01,1.388352204224722192e-02
3.945132754509094730e-01,7.500443478968475963e-01
3.957423341612431034e-01,4.860353367760525400e-01
3.969558715652610204e-01,2.779119646213543682e-01
3.981800119459740217e-01,9.581699451701404247e-01
3.993912415328069176e-01,1.942296400616234653e-01
4.006138084643069419e-01,5.697074324357183084e-01
4.018228096223836476e-01,6.663581387605571615e-01
4.030559418647046144e-01,9.757458644627113598e-02
4.042592196522294956e-01,8.614903745389019818e-01
4.054937438453908305e-01,3.745744688975715109e-01
4.067183146057415932e-01,3.893744901025693594e-01
4.079156128913811186e-01,8.466932685528619773e-01
4.091498286506262683e-01,8.277594961681410124e-02
4.103535090167143018e-01,6.811472154288032987e-01
4.115922474276911824e-01,5.549152990031791521e-01
4.127922101591104398e-01,2.090109371813545502e-01
4.140376810921554962e-01,9.729689184195056129e-01
4.152328478027450531e-01,2.631012952922401893e-01
4.164774048855459654e-01,5.008336628230513066e-01
4.176921001273196654e-01,7.352574782261718234e-01
4.189052951830629645e-01,2.868657373078027997e-02
4.201305678080679562e-01,7.926243566608344171e-01
4.213504608182616629e-01,4.434612348311209318e-01
4.225745739958176039e-01,3.204933834587960773e-01
4.237729690046901920e-01,9.155806736268496948e-01
4.250027462163218916e-01,1.516589161431882715e-01
4.262071661340720574e-01,6.122635065123117615e-01
4.274425660274397409e-01,6.237956665636062992e-01
4.286485149787833127e-01,1.401298759671781302e-01
4.298800289820570719e-01,9.040739002755578957e-01
4.310997692229888156e-01,3.319982656731624848e-01
4.323160361327128554e-01,4.319349280363688481e-01
4.335372753590095440e-01,8.041327024185401795e-01
4.347641440057928852e-01,4.020803636997365843e-02
4.359847330706253521e-01,7.237411558895425756e-01
4.371948827199870768e-01,5.123357056935248233e-01
4.384176705317537337e-01,2.515991139608829141e-01
4.396472937876734766e-01,9.844850473705114569e-01
4.408420650484299319e-01,2.205282839359748170e-01
4.420614970599359705e-01,5.433804714043263262e-01
4.432801130796314437e-01,6.926632625764764795e-01
4.445170080269829627e-01,7.126100298152847345e-02
4.457292258628289816e-01,8.351857311224805125e-01
4.469595829700043210e-01,4.008881283808565232e-01
4.481759521772350485e-01,3.630574780470417484e-01
4.493851718828758557e-01,8.730106479030851352e-01
4.506219014191268912e-01,1.090958427439862044e-01
4.518372723215570708e-01,6.548563291066249459e-01
4.530417846018570116e-01,5.812126565360733466e-01
4.542641521956637951e-01,1.827082295909436827e-01
4.554821475603720859e-01,9.466387352607011918e-01
4.566968784039215357e-01,2.894131462521449816e-01
4.579160909564799486e-01,4.744976992670210114e-01
4.591596380324199922e-01,7.615728364900005154e-01
4.603639604889390169e-01,2.370589409635238259e-03
4.615818085311822472e-01,7.663009477569845407e-01
4.628118806618499170e-01,4.697704750333806523e-01
4.640260058861357950e-01,2.941701657220932020e-01
4.652571993898426683e-01,9.419127243707303698e-01
4.664719604113997109e-01,1.779759506969375571e-01
4.676822978525648211e-01,5.859639886037834033e-01
4.688986694961426727e-01,6.500995903910375961e-01
4.701367875471013091e-01,1.138434989085319732e-01
4.713481024462196078e-01,8.777673241126994208e-01
4.725747315445122942e-01,3.583210483534143287e-01
4.737688560541833960e-01,4.056130983308752214e-01
4.750106870024143335e-01,8.304539344206733897e-01
4.762236912769509112e-01,6.651540399986007046e-02
4.774274976121443692e-01,6.974092708040973143e-01
4.786612273780478377e-01,5.386498707102571615e-01
4.798837224501556475e-01,2.252905162522638172e-01
4.810826921550575563e-01,9.892019962622717877e-01
4.823156804256659158e-01,2.468497196718823228e-01
4.835465060826584227e-01,5.170908308000277120e-01
4.847498585068702459e-01,7.189808283624437024e-01
4.859743459781036279e-01,4.494369130568495740e-02
4.871933632355813226e-01,8.088752188682118982e-01
4.884085953473000785e-01,4.271849611168806460e-01
4.896469037163266869e-01,3.367537799591692194e-01
4.908622345742509330e-01,8.993355309531885222e-01
4.920612984271645063e-01,1.353830601107521847e-01
4.933078364224950385e-01,6.285522435805988017e-01
4.945237560983020697e-01,6.075424483912467144e-01
4.957251191596909745e-01,1.563945469279498512e-01
4.969614907493798972e-01,9.203434288227447801e-01
4.981587323028009440e-01,3.157228205097527551e-01
4.994054605100754496e-01,4.482124191935955015e-01
5.006148074614666932e-01,7.878758262777186827e-01
5.018338452748646317e-01,2.394332939576667915e-02
5.030362939246031395e-01,7.399807835233843667e-01
5.042803973597224099e-01,4.960868120899815659e-01
5.054734451068050305e-01,2.678429553157982701e-01
5.066994154895744229e-01,9.682027608291337017e-01
5.079159457888769991e-01,2.042677564331432383e-01
5.091547795103870122e-01,5.596618206345845836e-01
5.103566525679028576e-01,6.764053938214692474e-01
5.115978853118028358e-01,8.752994704621236410e-02
5.128096423487600308e-01,8.514542143882187775e-01
5.140102488631248523e-01,3.846043860306983531e-01
5.152288240803087893e-01,3.792984167299795484e-01
5.164497456682016763e-01,8.567408134451890422e-01
5.176861562554161411e-01,9.282568933699671121e-02
5.189116305430140352e-01,6.711187541079459695e-01
5.201139802689216385e-01,5.649504439599161154e-01
5.213521161232598233e-01,1.989842602984038256e-01
5.225474765835412816e-01,9.628921310637343911e-01
5.237896635321231953e-01,2.731715231371248387e-01
5.250130425436028148e-01,4.907827176340079367e-01
5.262278081828994925e-01,7.453065983972012587e-01
5.274450646580481905e-01,1.863976035855159988e-02
5.286688408603248401e-01,7.825760468659911373e-01
5.298640290030349753e-01,4.534882151313438525e-01
5.310884689667902947e-01,3.104206955826685488e-01
5.323056379170519881e-01,9.256267546546610436e-01
5.335367235057986157e-01,1.617063055481145761e-01
5.347635728087904994e-01,6.022333303399299842e-01
5.359795735318468868e-01,6.338460861834630533e-01
5.372058271676757313e-01,1.301006053089135139e-01
5.384041223473305937e-01,8.940114107937312538e-01
5.396412994235346705e-01,3.420532079891579480e-01
5.408443000454533633e-01,4.218766091019523490e-01
5.420661816692475821e-01,8.141750208441710379e-01
5.432990824602830227e-01,5.025638693991339029e-02
5.445268355117347525e-01,7.136966754834949134e-01
5.457351080367676133e-01,5.223893431256981801e-01
5.469376372047254353e-01,2.415324977866975531e-01
5.481742777124978261e-01,9.945254434108422581e-01
5.493762911753531375e-01,2.305759221782907875e-01
5.506214678570539034e-01,5.333538593542872519e-01
5.518356578745458041e-01,7.027322194868973471e-01
5.530388148733665910e-01,6.119622698081194495e-02
5.542558451526166108e-01,8.251257675651111345e-01
5.554781565008805044e-01,4.109201140272392139e-01
5.567219520481572204e-01,3.530168950708637010e-01
5.579255658732457102e-01,8.830644540089045424e-01
5.591550024679372566e-01,1.191423559083030492e-01
5.603700124494546131e-01,6.448024863874223245e-01
5.615875735716451267e-01,5.912718576213110699e-01
5.627940588492275076e-01,1.726515533972936833e-01
5.640379885504133162e-01,9.366079934036423138e-01
5.652378458119668991e-01,2.994675257756400089e-01
5.664657932077989955e-01,4.644608186712399500e-01
5.676890175592862464e-01,7.716156281322595900e-01
5.689069888157086696e-01,7.682064693388925003e-03
5.701353839759053521e-01,7.562679403546075374e-01
5.713307450911560004e-01,4.798027515781365104e-01
5.725612302664160325e-01,2.841188072552165433e-01
5.737775620241079011e-01,9.519464991203885340e-01
5.749992124612646194e-01,1.880166148622522404e-01
5.762079029733596647e-01,5.759030108774213508e-01
5.774278687381058095e-01,6.601422017483935534e-01
5.786517705959078883e-01,1.037718991101816285e-01
5.798720946525536268e-01,8.677047334718764882e-01
5.810953629028561274e-01,3.683550918271509822e-01
5.823204569374096362e-01,3.955781163669445100e-01
5.835406899121163837e-01,8.404973494458251038e-01
5.847534088687983411e-01,7.655853370710026529e-02
5.859728287533362279e-01,6.873680190981322768e-01
5.871865130648382669e-01,5.486885685125540979e-01
5.884173264100124312e-01,2.152375373650204926e-01
5.896285683204669503e-01,9.791612895805241745e-01
5.908395140193376527e-01,2.568869653810606501e-01
5.920706829281754402e-01,5.070284247984446768e-01
5.932918942888746328e-01,7.290362762598977531e-01
5.945038290508598555e-01,3.488659153122741774e-02
5.957339164004000764e-01,7.988291891859304883e-01
5.969532247530618951e-01,4.372430026380921819e-01
5.981768903103996671e-01,3.266971837060284045e-01
5.993947545268963895e-01,9.093814630212267991e-01
6.006144034468451354e-01,1.454495772458824776e-01
6.018236650656043629e-01,6.184814893764942756e-01
6.030575436653043964e-01,6.175896480736419170e-01
6.042697909873048223e-01,1.463526359084067752e-01
6.054857139693652357e-01,9.102810691955163236e-01
6.067111589171018116e-01,3.257886592394464986e-01
6.079225810162941501e-01,4.381429568526573060e-01
6.091467298550184983e-01,7.979211607866633083e-01
6.103730702953805709e-01,3.399596653173228566e-02
6.115971464294732707e-01,7.299550531810975462e-01
6.128177151584540683e-01,5.061375420041059892e-01
6.140245010038165585e-01,2.578074283656528465e-01
6.152445205827664632e-01,9.782612780378322492e-01
6.164725570247183706e-01,2.143377797843774302e-01
6.176772698381629567e-01,5.495977281152604199e-01
6.189127250720226625e-01,6.864748784410955595e-01
6.201217726111742934e-01,7.746725149848378289e-02
6.213297517294004146e-01,8.413877409217590531e-01
6.225479286325327211e-01,3.946554779156127291e-01
6.237909144271658324e-01,3.692739242297364832e-01
6.249864502413691181e-01,8.667909301337493044e-01
6.262128235193943349e-01,1.028657687164814399e-01
6.274339673792835859e-01,6.610545080971154119e-01
6.286485669038168744e-01,5.749984427102041717e-01
6.298723747978598464e-01,1.889179361257899703e-01
6.311049601392294539e-01,9.528630317723224552e-01
6.323022769159621914e-01,2.831975486363565997e-01
6.335465601653816892e-01,4.807296524085730716e-01
6.347669679275480537e-01,7.553591702572426403e-01
6.359717152918655803e-01,8.579828145268945591e-03
6.371845613688738030e-01,7.725051845273263051e-01
6.384177085490226888e-01,4.635553067927244419e-01
6.396225509925568264e-01,3.003681947612213965e-01
6.408495402244230865e-01,9.356840690775386493e-01
6.420871472311250328e-01,1.717701413888338413e-01
6.433077885509934646e-01,5.921909632349191543e-01
6.445204910027851897e-01,6.439004157697941766e-01
6.457259439484731578e-01,1.200341392426109155e-01
6.469569410075965976e-01,8.839776466067834626e-01
6.481769940965086407e-01,3.521023147775247941e-01
6.493868244419257474e-01,4.118325506513246248e-01
6.506140514827617460e-01,8.242363027731917091e-01
6.518143514525907012e-01,6.028506804761395166e-02
6.530399102944696166e-01,7.036231674191296692e-01
6.542690575702124756e-01,5.324367047746495496e-01
6.554775533934225074e-01,2.314858311282946002e-01
6.566971313069475125e-01,9.954179193468687403e-01
6.579370824478826263e-01,2.406501255663268390e-01
6.591612540549598442e-01,5.233070627050930845e-01
6.603675600435374715e-01,7.127775337712818349e-01
6.615957033454537006e-01,5.116653260568530814e-02
6.628198268800099546e-01,8.151031664454043701e-01
6.640134632892856770e-01,4.209688329310371513e-01
6.652423245613797720e-01,3.429506847368724576e-01
6.664601394120683864e-01,8.931124396631200391e-01
6.676701234537697482e-01,1.291708890095283335e-01
6.689102234808779190e-01,6.347561145716318354e-01
6.701199322874183961e-01,6.013176284524771598e-01
6.713405282601887514e-01,1.626114399611547079e-01
6.725503253955431582e-01,9.265337474015582497e-01
6.737707599589095597e-01,3.095138520379753788e-01
6.750124116957975096e-01,4.544208543120246135e-01
6.762056295453956478e-01,7.816456522338753876e-01
6.774308796428336610e-01,1.771936763590668124e-02
6.786521969308023650e-01,7.461981704622906442e-01
6.798777499250732159e-01,4.898631685275601222e-01
6.811001964991773017e-01,2.740711906408776488e-01
6.823168685968247216e-01,9.619992178086117507e-01
6.835239059553218643e-01,1.980547204718158816e-01
6.847482825443310661e-01,5.658568076012925330e-01
6.859860850117306397e-01,6.702138301375247798e-01
6.871993167286731818e-01,9.373286239584666113e-02
6.884191813734796828e-01,8.576652373457024359e-01
6.896393354651021435e-01,3.784124765049035055e-01
6.908616738725316120e-01,3.855327504549664330e-01
6.920596984293206910e-01,8.505297700784222314e-01
6.932886161092967070e-01,8.660715306310515227e-02
6.945134002266847295e-01,6.773220077243806703e-01
6.957267822098566201e-01,5.587422497729652715e-01
6.969617219168684485e-01,2.051953500246627426e-01
6.981702003813593516e-01,9.691163387943164675e-01
6.993984337679712837e-01,2.669592972450870461e-01
7.006204882779536458e-01,4.969916473010090874e-01
7.018294143744787661e-01,7.390872084608947068e-01
7.030612668367033358e-01,2.485744646997080712e-02
7.042709489006261370e-01,7.887796388389427538e-01
7.054984839725253476e-01,4.473016739729484548e-01
7.067024570364509595e-01,3.166361675849795332e-01
7.079267931999552177e-01,9.194269138097921346e-01
7.091472991171037243e-01,1.554958850315339147e-01
7.103538103571919171e-01,6.084250518209817216e-01
7.115822729422774939e-01,6.276277894661215218e-01
7.128176017583094382e-01,1.363138638323112828e-01
7.140283790317184520e-01,9.002371514107694317e-01
7.152340703226351959e-01,3.358249827604863902e-01
7.164585016962076169e-01,4.280922946854705535e-01
7.176735244820018345e-01,8.079613675291531516e-01
7.188879519247499683e-01,4.402426027660817642e-02
7.201349835505641561e-01,7.199063074550883234e-01
7.213398843697639284e-01,5.161731233309223565e-01
7.225551077765981489e-01,2.477514522913343564e-01
7.237834901582791414e-01,9.883136597287377478e-01
7.249849790992771714e-01,2.243636139744427382e-01
7.262127445764207101e-01,5.395466200064180651e-01
7.274452144349298210e-01,6.965207799193955385e-01
7.286626149321057122e-01,6.742151097220143441e-02
7.298927379862055753e-01,8.313641443314641055e-01
7.311012304179773658e-01,4.047221918164501941e-01
7.323163873741959096e-01,3.592128143295528209e-01
7.335445558708287850e-01,8.768624478786017917e-01
7.347683941424378862e-01,1.129347514549178533e-01
7.359823382910585243e-01,6.510162961616765553e-01
7.372092442446204208e-01,5.850725321664005385e-01
7.384232318649615046e-01,1.788822103457915758e-01
7.396453293121421080e-01,9.428168180980213142e-01
7.408418934168043979e-01,2.932505772525916266e-01
7.420802565092375902e-01,4.706767659053288089e-01
7.432908563627904641e-01,7.653964708079915580e-01
7.445138141403173648e-01,1.467893890111751729e-03
7.457364055612647480e-01,7.624704458726171419e-01
7.469655431438020354e-01,4.736165535030101847e-01
7.481855054293119478e-01,2.903445663508763541e-01
7.493837874465087978e-01,9.457317284150171810e-01
7.506168827285804035e-01,1.818132890017957470e-01
7.518368897420102392e-01,5.821334815788358208e-01
7.530441003921132248e-01,6.539374372746287190e-01
7.542568252980141885e-01,1.099784377449380679e-01
7.554738093585453562e-01,8.739079321106321130e-01
7.567157726563271680e-01,3.621545054528497176e-01
7.579265152360310509e-01,4.017856585982160778e-01
7.591611445173626072e-01,8.342968079231853906e-01
7.603647857761034468e-01,7.034891448663319058e-02
7.615999364932644067e-01,6.935966107707106643e-01
7.628021821951888048e-01,5.424832415150186993e-01
7.640333439680049299e-01,2.214550388556631721e-01
7.652312444900095656e-01,9.853654496828306852e-01
7.664651055399432922e-01,2.506915607737802421e-01
7.676921359691154523e-01,5.132513617720348975e-01
7.689153872459518757e-01,7.228387730890890595e-01
7.701317860698358997e-01,4.111603248296737123e-02
7.713273466685122148e-01,8.050241033866928353e-01
7.725570945835764647e-01,4.310258763407207594e-01
7.737667286119608301e-01,3.328885059403534630e-01
7.749880878747291701e-01,9.031538002412873301e-01
7.762248568789228420e-01,1.392390345500742199e-01
7.774455261645216719e-01,6.247048344081754800e-01
7.786668817281326982e-01,6.113779900086979691e-01
7.798891907484163388e-01,1.525735196022821871e-01
7.811048607155023360e-01,9.165016998744173193e-01
7.823262460851252431e-01,3.195827502796976249e-01
7.835228342594459106e-01,4.443446940285728508e-01
7.847480041204403234e-01,7.917014389243128836e-01
7.859793261516273555e-01,2.778122626020682051e-02
7.872060404056288041e-01,7.361654310900169751e-01
7.883995274428335920e-01,4.998983581607132076e-01
7.896345923579913828e-01,2.640190036524778794e-01
7.908590636402245133e-01,9.720548249674043628e-01
7.920588294905221982e-01,2.081030561224090358e-01
7.932896754743157253e-01,5.558116176840633971e-01
7.945242571610178217e-01,6.802654144022047822e-01
7.957369394149041986e-01,8.368390223486386892e-02
7.969432212915659175e-01,8.476026944165747645e-01
7.981814872295619478e-01,3.884680403847560748e-01
7.993856107141283918e-01,3.754701044493492512e-01
8.006205288009495824e-01,8.606040125654438322e-01
8.018231385259487753e-01,9.665508759514997161e-02
8.030515341539903318e-01,6.672735588044723665e-01
8.042651506118215776e-01,5.687940302903229384e-01
8.054809397881328437e-01,1.951279850488268630e-01
8.067191023647004577e-01,9.590786579304436676e-01
8.079173046854249973e-01,2.769915802779335245e-01
8.091336832802206169e-01,4.869182594561758948e-01
8.103610343578825370e-01,7.491322405598048739e-01
8.115920011935257028e-01,1.480159797969294623e-02
8.128142509635968294e-01,7.787363580548133379e-01
8.140395958344531779e-01,4.573561979503827368e-01
8.152376939651527765e-01,3.065848216665812420e-01
8.164606079863149235e-01,9.294741407115446608e-01
8.176718543072569734e-01,1.655338523371936155e-01
8.189047217051713679e-01,5.983893803218610641e-01
8.201371213425994178e-01,6.376960499818362660e-01
8.213475878356744087e-01,1.262572670624623750e-01
8.225638784402564685e-01,8.901860679722073399e-01
8.237772063747841322e-01,3.458815309280280914e-01
8.250126615475696923e-01,4.180598716896188338e-01
8.262194181889063183e-01,8.180206733514504558e-01
8.274278770400399496e-01,5.407759750729106141e-02
8.286544322702193988e-01,7.098391733275297710e-01
8.298648526423428873e-01,5.262115037188941358e-01
8.310884749706611840e-01,2.376982366381835965e-01
8.323023679506401651e-01,9.983459496366052788e-01
8.335351609730640154e-01,2.344272079636223471e-01
8.347601993983216895e-01,5.295074919811052494e-01
8.359708320872676346e-01,7.065598096872398592e-01
8.371926945662043762e-01,5.736500775919996936e-02
8.384286344290501347e-01,8.213134579270948699e-01
8.396418281439503861e-01,4.147762016579297772e-01
8.408549041657604750e-01,3.491647482740172226e-01
8.420666018559485044e-01,8.868979059792280184e-01
8.433047864877674105e-01,1.229845559156401980e-01
8.445041188145390176e-01,6.409514938380569404e-01
8.457263824003206087e-01,5.951030824376072337e-01
8.469636910004396668e-01,1.688360866341696298e-01
8.481716323797342527e-01,9.327565383185133507e-01
8.493976316447993113e-01,3.033197275960930472e-01
8.506125227071391626e-01,4.606224492561302175e-01
8.518339463173478787e-01,7.754529728779417930e-01
8.530426641247412789e-01,1.151015599004213269e-02
8.542604076848057115e-01,7.524078651490579972e-01
8.554823930593649095e-01,4.836468155339658792e-01
8.566968122428073595e-01,2.802692903171580263e-01
8.579382412916246592e-01,9.557995943755258628e-01
8.591397331382087943e-01,1.918495515268169582e-01
8.603677283351955918e-01,5.720777373248073783e-01
8.615942675129616424e-01,6.640010165108699569e-01
8.628135312228467635e-01,9.994856082267060404e-02
8.640225117761762830e-01,8.638700516810492447e-01
8.652431785764812533e-01,3.721953234883967343e-01
8.664784970045407153e-01,3.917510575196256895e-01
8.676882499230785806e-01,8.443373254444078713e-01
8.689120316598512028e-01,8.040957248577368377e-02
8.701342242063786481e-01,6.835443156367247974e-01
8.713502313974460511e-01,5.525447028327824528e-01
8.725513774190534200e-01,2.113864894596116095e-01
8.737823832540773106e-01,9.753300055996846352e-01
8.749878626267474369e-01,2.607277299760908940e-01
8.762241744550781641e-01,5.031968174108975012e-01
8.774529069947618609e-01,7.328897049534055519e-01
8.786589247580579576e-01,3.105658832408928274e-02
8.798760052589289504e-01,7.949861791300094627e-01
8.810834098399822345e-01,4.410656037126330919e-01
8.823310906866563830e-01,3.228662851679489076e-01
8.835244817891503288e-01,9.132036062711013091e-01
8.847421060699178774e-01,1.492696958565757626e-01
8.859678678844971067e-01,6.146405932810508066e-01
8.871818759278633504e-01,6.214063963238214416e-01
8.884132657878783812e-01,1.425110117945304344e-01
8.896346368232090907e-01,9.064448931350239658e-01
8.908479442057630759e-01,3.296178605157282782e-01
8.920594805025174878e-01,4.342947574244307440e-01
8.932808414746417069e-01,8.017476883939070875e-01
8.945086739139631593e-01,3.782398613793543779e-02
8.957183087942325317e-01,7.260911166314069076e-01
8.969572618818784093e-01,5.099695047151509009e-01
8.981617994067537802e-01,2.539596278541402241e-01
8.993842094990482927e-01,9.820933829417346494e-01
9.006065282249139381e-01,2.181641669721935961e-01
9.018267259034472572e-01,5.457620852660948207e-01
9.030335872166974642e-01,6.902881565733909319e-01
9.042564655600914270e-01,7.361684553295103073e-02
9.054988647732847840e-01,8.375717550511935228e-01
9.066921107641010558e-01,3.984920760348015789e-01
9.079270782730430867e-01,3.654249891611638379e-01
9.091460214026374498e-01,8.706429172826382068e-01
9.103607650658844808e-01,1.067061262505921981e-01
9.115832721652483706e-01,6.572187139686302970e-01
9.128134323517539395e-01,5.788557241457618074e-01
9.140347927959212582e-01,1.850952552094014825e-01
9.152365959921773264e-01,9.490095687108204281e-01
9.164580027573465681e-01,2.870456904653616026e-01
9.176750756967386735e-01,4.768730690254801563e-01
9.189018251036753515e-01,7.591864434209905088e-01
9.201275383645628470e-01,4.750552303516248492e-03
9.213331784413251180e-01,7.686687026854414073e-01
9.225558151140871299e-01,4.673858293454093427e-01
9.237936092871216198e-01,2.965541541413362903e-01
9.249862368685929370e-01,9.395131817092153836e-01
9.262183161465012970e-01,1.755937262918306208e-01
9.274454743305364790e-01,5.883435501000122692e-01
9.286478796954743542e-01,6.477202204501039118e-01
9.298642492079270960e-01,1.161873455876148431e-01
9.310865306515744289e-01,8.801221373363113942e-01
9.323298421705344952e-01,3.559475788391712192e-01
9.335216237738360734e-01,4.079822510687850512e-01
9.347465951821589680e-01,8.280612624602095018e-01
9.359613196192958506e-01,6.412445220193961626e-02
9.371832508984013765e-01,6.997814091086115296e-01
9.384182972343483309e-01,5.362783604264060866e-01
9.396262694789249137e-01,2.276494482993471902e-01
9.408557686600740322e-01,9.915914577855454715e-01
9.420759205909379208e-01,2.444813796970028152e-01
9.433033364430819523e-01,5.194640461787654040e-01
9.444970957741740669e-01,7.165994854895391120e-01
9.457424807761993790e-01,4.732821112198119101e-02
9.469548511916593414e-01,8.112530918426039683e-01
9.481604494965275576e-01,4.248082351258997136e-01
9.493985651642723456e-01,3.391218264253152981e-01
9.506205942543228815e-01,8.969653104929952159e-01
9.518217763257241781e-01,1.330149578691034451e-01
9.530615485878323190e-01,6.309223407641364467e-01
9.542669041899480842e-01,6.051570163426275295e-01
9.554909580626320675e-01,1.587767708491482077e-01
9.567220929735859025e-01,9.227204160652648923e-01
9.579226078072755612e-01,3.133581158739621175e-01
9.591558890044457053e-01,4.505792327062230207e-01
9.603603170462752248e-01,7.854927557222619594e-01
9.615944882171414410e-01,2.157539219783514289e-02
9.628079492048433607e-01,7.423688238218818514e-01
9.640157425516836520e-01,4.936935771416774976e-01
9.652412812833471856e-01,2.702271765105976886e-01
9.664578547449500512e-01,9.658326199443577620e-01
9.676700642802767982e-01,2.018932947842777548e-01
9.688881047186005402e-01,5.620115308611122185e-01
9.701172706907136289e-01,6.740374318041284507e-01
9.713267998215797672e-01,8.987524657430347175e-02
9.725507770657798590e-01,8.538117341235527125e-01
9.737873531500259583e-01,3.822529101774478355e-01
9.750063442449903306e-01,3.816923219129751965e-01
9.762267859873919873e-01,8.543892736241140984e-01
9.774334497918026887e-01,9.044440273323176016e-02
9.786704274224731215e-01,6.734939360057191626e-01
9.798809094679277187e-01,5.625887930186569408e-01
9.810861593396873470e-01,2.013346885330317415e-01
9.823062109348004167e-01,9.652672504333076331e-01
9.835424724215526826e-01,2.707957518862890711e-01
9.847461263395256292e-01,4.931321864481312267e-01
9.859758320945604115e-01,7.429260421685969229e-01
9.872101150754856169e-01,2.102119579430317478e-02
9.883995124269735477e-01,7.849231034508402649e-01
9.896194079207895067e-01,4.511150139088331845e-01
9.908686916031076430e-01,3.128173032371863727e-01
9.920757511839675136e-01,9.232682877814250011e-01
9.932813082309609465e-01,1.593223101330116520e-01
9.945243079938949071e-01,6.046104505432348120e-01
9.957433042774429532e-01,6.314812367889075517e-01
9.969523231833266053e-01,1.324634863428784670e-01
9.981744448789591218e-01,8.963981183435602018e-01
9.993833288777896895e-01,3.396666573031476566e-01
