7.575757575757575751e-04,0.000000000000000000e+00
2.462121212121211929e-03,7.639320225002099729e-01
4.166666666666666609e-03,4.721359549995800542e-01
5.871212121212120855e-03,2.917960675006296967e-01
6.818181818181817851e-03,9.442719099991601084e-01
8.522727272727272096e-03,1.803398874989499134e-01
1.022727272727272721e-02,5.835921350012593933e-01
1.193181818181818232e-02,6.524758424985304117e-01
1.287878787878787845e-02,1.114561800016797832e-01
1.458333333333333356e-02,8.753882025018899782e-01
1.628787878787878868e-02,3.606797749978998269e-01
1.799242424242424379e-02,4.032522475023103681e-01
1.893939393939393992e-02,8.328157299974812133e-01
2.064393939393939503e-02,6.888370749727101838e-02
2.234848484848485015e-02,6.950483150029391766e-01
2.405303030303030179e-02,5.410196624968506285e-01
2.500000000000000139e-02,2.229123600033595665e-01
2.670454545454545303e-02,9.868443825035697614e-01
2.840909090909090814e-02,2.492235949962200436e-01
3.011363636363636326e-02,5.147084275039901513e-01
3.106060606060605939e-02,7.213595499957996537e-01
3.276515151515151797e-02,4.257247250441054121e-02
3.446969696969696961e-02,8.065044950046207362e-01
3.617424242424242126e-02,4.295634824951690689e-01
3.712121212121212432e-02,3.343685400050375733e-01
3.882575757575757597e-02,9.016994374947522317e-01
4.053030303030302761e-02,1.377674149945420368e-01
4.223484848484848619e-02,6.261646075056717109e-01
4.318181818181818232e-02,6.099033699941216469e-01
4.488636363636363397e-02,1.540286525060921008e-01
4.659090909090909255e-02,9.179606750062987430e-01
4.829545454545454419e-02,3.181073024934875093e-01
4.924242424242424032e-02,4.458247200067191329e-01
5.094696969696969890e-02,7.902432574930742248e-01
5.265151515151515055e-02,2.631123499286047718e-02
5.435606060606060913e-02,7.376207875073461651e-01
5.530303030303030526e-02,4.984471899924400873e-01
5.700757575757575690e-02,2.654848325077665550e-01
5.871212121212121549e-02,9.705831449920196974e-01
6.041666666666666713e-02,2.066511224918130551e-01
6.136363636363636326e-02,5.572809000084006925e-01
6.306818181818181490e-02,6.787870774913926653e-01
6.477272727272727348e-02,8.514494500882108241e-02
6.647727272727273207e-02,8.490769675090277246e-01
6.742424242424242820e-02,3.869910099907585277e-01
6.912878787878787290e-02,3.769410125094481145e-01
7.083333333333333148e-02,8.591269649903381378e-01
7.253787878787879007e-02,9.519494249013149556e-02
7.348484848484848619e-02,6.687370800100751467e-01
7.518939393939394478e-02,5.673308974897111057e-01
7.689393939393938948e-02,1.966011250104955366e-01
7.859848484848484806e-02,9.605331475107092842e-01
7.954545454545454419e-02,2.755348299890840735e-01
8.125000000000000278e-02,4.883971925111296741e-01
8.295454545454546136e-02,7.476707849886565782e-01
8.465909090909090606e-02,1.626123751154295860e-02
8.560606060606060219e-02,7.801932600117567063e-01
8.731060606060606077e-02,4.558747174880295461e-01
8.901515151515151936e-02,3.080573050121842016e-01
9.071969696969696406e-02,9.280106724876162616e-01
9.166666666666666019e-02,1.640786499874025139e-01
9.337121212121211877e-02,5.998533725128112337e-01
9.507575757575757736e-02,6.362146049869750186e-01
9.678030303030303594e-02,1.277174175132245182e-01
9.772727272727273207e-02,8.916494400134382659e-01
9.943181818181817677e-02,3.444185374863479865e-01
1.011363636363636354e-01,4.195134850138515503e-01
1.028409090909090939e-01,8.165544924859347020e-01
1.037878787878787901e-01,5.262246998572095436e-02
1.054924242424242486e-01,7.113095525144927933e-01
1.071969696969696934e-01,5.247584249853076699e-01
1.089015151515151519e-01,2.391735975149060778e-01
1.098484848484848481e-01,9.968943799848801746e-01
1.115530303030303066e-01,2.329623574846664269e-01
1.132575757575757514e-01,5.309696650155331099e-01
1.149621212121212099e-01,7.050983124842531424e-01
1.159090909090909061e-01,5.883371001596060523e-02
1.176136363636363646e-01,8.227657325161743529e-01
1.193181818181818232e-01,4.133022449836261103e-01
1.210227272727272679e-01,3.506297775165876374e-01
1.219696969696969641e-01,8.854381999831986150e-01
1.236742424242424226e-01,1.215061774829990782e-01
1.253787878787878673e-01,6.424258450172146695e-01
1.270833333333333259e-01,5.936421324825715828e-01
1.280303030303030221e-01,1.702898900176421648e-01
1.297348484848484806e-01,9.342219125178417016e-01
1.314393939393939392e-01,3.018460649819445507e-01
1.331439393939393978e-01,4.620859575182691970e-01
1.340909090909090939e-01,7.739820199815170554e-01
1.357954545454545525e-01,1.004999748131751858e-02
1.375000000000000111e-01,7.538820250188962291e-01
1.392045454545454419e-01,4.821859524808900233e-01
1.401515151515151381e-01,2.817460700193237244e-01
1.418560606060605966e-01,9.543219074804767388e-01
1.435606060606060552e-01,1.903898849802629911e-01
1.452651515151515138e-01,5.735421375199507565e-01
1.462121212121212099e-01,6.625258399798497067e-01
1.479166666666666685e-01,1.014061825203640410e-01
1.496212121212121271e-01,8.653382050205777887e-01
1.513257575757575857e-01,3.707297724792084637e-01
1.522727272727272818e-01,3.932022500209910731e-01
1.539772727272727404e-01,8.428657274787951792e-01
1.556818181818181712e-01,7.893370497858143153e-02
1.573863636363636298e-01,6.849983175216323161e-01
1.583333333333333259e-01,5.510696599781681471e-01
1.600378787878787845e-01,2.128623625220598115e-01
1.617424242424242431e-01,9.767943850222593483e-01
1.634469696969697017e-01,2.592735924775411149e-01
1.643939393939393978e-01,5.046584300226868436e-01
1.660984848484848564e-01,7.314095474771136196e-01
1.678030303030303150e-01,3.252247502308591720e-02
1.695075757575757458e-01,7.964544975233138757e-01
1.704545454545454419e-01,4.396134799764865875e-01
1.721590909090909005e-01,3.243185425237129493e-01
1.738636363636363591e-01,9.117494349760590922e-01
1.755681818181818177e-01,1.478174124758595553e-01
1.765151515151515138e-01,6.161146100243684032e-01
1.782196969696969724e-01,6.199533674754320600e-01
1.799242424242424310e-01,1.439786550247674768e-01
1.816287878787878896e-01,9.079106775249954353e-01
1.825757575757575857e-01,3.281572999748050279e-01
1.842803030303030165e-01,4.357747225253945089e-01
1.859848484848484751e-01,8.002932549743775326e-01
1.876893939393939337e-01,3.636123247417799575e-02
1.886363636363636298e-01,7.275707900260499628e-01
1.903409090909090884e-01,5.084971874737505004e-01
1.920454545454545470e-01,2.554348350264490364e-01
1.937500000000000056e-01,9.806331424733230051e-01
1.946969696969697017e-01,2.167011199731234683e-01
1.964015151515151603e-01,5.472309025270760685e-01
1.981060606060606188e-01,6.888370749726959730e-01
1.998106060606060497e-01,7.509494752750356383e-02
2.007575757575757458e-01,8.390269700277031006e-01
2.024621212121212044e-01,3.970410074720689408e-01
2.041666666666666630e-01,3.668910150281305960e-01
2.058712121212121215e-01,8.691769624716414455e-01
2.068181818181818177e-01,1.052449399714419087e-01
2.085227272727272763e-01,6.586870825287576281e-01
2.102272727272727348e-01,5.773808949710144134e-01
2.119318181818181934e-01,1.865511275291851234e-01
2.128787878787878896e-01,9.504831500293846602e-01
2.145833333333333204e-01,2.855848274703873813e-01
2.162878787878787790e-01,4.783471950298121556e-01
2.179924242424242375e-01,7.577207824699598859e-01
2.189393939393939337e-01,6.211240030239650878e-03
2.206439393939393923e-01,7.701432625304391877e-01
2.223484848484848508e-01,4.659247149693328538e-01
2.240530303030303094e-01,2.980073075308666830e-01
2.250000000000000056e-01,9.380606699689337802e-01
2.267045454545454641e-01,1.741286474687058217e-01
2.284090909090909227e-01,5.898033750314937151e-01
2.301136363636363535e-01,6.462646024683067481e-01
2.310606060606060497e-01,1.176674200319212105e-01
2.327651515151515083e-01,8.815994425321207473e-01
2.344696969696969668e-01,3.544685349676512942e-01
2.361742424242424254e-01,4.094634875325482426e-01
2.371212121212121215e-01,8.266044899672522206e-01
2.388257575757575801e-01,6.267246746702426208e-02
2.405303030303030387e-01,7.012595550331752747e-01
2.422348484848484973e-01,5.348084224666251885e-01
2.431818181818181934e-01,2.291236000336027701e-01
2.448863636363636243e-01,9.930556225338023069e-01
2.465909090909090828e-01,2.430123549659981563e-01
2.482954545454545414e-01,5.209196675342298022e-01
2.492424242424242375e-01,7.151483099655706610e-01
2.509469696969697239e-01,4.878371253465729751e-02
2.526515151515151270e-01,8.127157350348568343e-01
2.543560606060605855e-01,4.233522424649436289e-01
2.553030303030303094e-01,3.405797800352843296e-01
2.570075757575757680e-01,8.954881974645161336e-01
2.587121212121212266e-01,1.315561749643165967e-01
2.604166666666666852e-01,6.323758475359113618e-01
2.613636363636363535e-01,6.036921299638891014e-01
2.630681818181818121e-01,1.602398925363388571e-01
2.647727272727272707e-01,9.241719150365383939e-01
2.664772727272727293e-01,3.118960624632620693e-01
2.674242424242423977e-01,4.520359600369658892e-01
2.691287878787878562e-01,7.840320174628345740e-01
2.708333333333333148e-01,2.009999496263503715e-02
2.725378787878787734e-01,7.438320275375929214e-01
2.734848484848484973e-01,4.922359499622075418e-01
2.751893939393939559e-01,2.716960725379919950e-01
2.768939393939394145e-01,9.643719049617800465e-01
2.785984848484848730e-01,2.004398824615805097e-01
2.795454545454545414e-01,5.634921400386474488e-01
2.812500000000000000e-01,6.725758374611530144e-01
2.829545454545454586e-01,9.135618503904652243e-02
2.846590909090909172e-01,8.552882075392744810e-01
2.856060606060605855e-01,3.807797699605259822e-01
2.873106060606060441e-01,3.831522525396735546e-01
2.890151515151515027e-01,8.529157249600984869e-01
2.907196969696969613e-01,8.898370245989895011e-02
2.916666666666666852e-01,6.749483200403005867e-01
2.933712121212121438e-01,5.611196574594714548e-01
2.950757575757576023e-01,2.028123650407280820e-01
2.967803030303030054e-01,9.667443875409560405e-01
2.977272727272727293e-01,2.693235899588444227e-01
2.994318181818181879e-01,4.946084325413551142e-01
3.011363636363636465e-01,7.414595449584169273e-01
3.028409090909091050e-01,2.247247754178260948e-02
3.037878787878787734e-01,7.864045000419821463e-01
3.054924242424242320e-01,4.496634774577898952e-01
3.071969696969696906e-01,3.142685450424096416e-01
3.089015151515151492e-01,9.217994324573623999e-01
3.098484848484848730e-01,1.578674099571628631e-01
3.115530303030302761e-01,6.060646125430366737e-01
3.132575757575757347e-01,6.300033649567353677e-01
3.149621212121211933e-01,1.339286575434641691e-01
3.159090909090909172e-01,8.978606800436637059e-01
3.176136363636363757e-01,3.382072974561083356e-01
3.193181818181818343e-01,4.257247250441196229e-01
3.210227272727272929e-01,8.103432524557092620e-01
3.219696969696969613e-01,4.641122995548130348e-02
3.236742424242424199e-01,7.175207925447466550e-01
3.253787878787878785e-01,5.185471849550822299e-01
3.270833333333333370e-01,2.453848375451457287e-01
3.280303030303030054e-01,9.906831399546263128e-01
3.297348484848484640e-01,2.267511174544551977e-01
3.314393939393939226e-01,5.371809050457727608e-01
3.331439393939393812e-01,6.988870724539992807e-01
3.340909090909091050e-01,6.504495004617183440e-02
3.357954545454545636e-01,8.289769725463997929e-01
3.375000000000000222e-01,4.070910049533722486e-01
3.392045454545454808e-01,3.568410175467988665e-01
3.401515151515151492e-01,8.792269599529731749e-01
3.418560606060606077e-01,1.152949374527452164e-01
3.435606060606060663e-01,6.486370850474258987e-01
3.452651515151515249e-01,5.874308924523461428e-01
3.462121212121211933e-01,1.765011300478818157e-01
3.479166666666666519e-01,9.404331525481097742e-01
3.496212121212121104e-01,2.956348249517191107e-01
3.513257575757575690e-01,4.682971975485088478e-01
3.522727272727272929e-01,7.677707799512631937e-01
3.539772727272727515e-01,3.838757451092078554e-03
3.556818181818181546e-01,7.600932650491358800e-01
3.573863636363636131e-01,4.759747124506361615e-01
3.583333333333333370e-01,2.879573100495349536e-01
3.600378787878787956e-01,9.481106674502370879e-01
3.617424242424242542e-01,1.841786449500091294e-01
3.634469696969697128e-01,5.797533775501619857e-01
3.643939393939393812e-01,6.563145999496100558e-01
3.660984848484848397e-01,1.076174225506179027e-01
3.678030303030302983e-01,8.715494450507890178e-01
3.695075757575757569e-01,3.645185324489830236e-01
3.704545454545454808e-01,3.994134900512449349e-01
3.721590909090908839e-01,8.366544874485839500e-01
3.738636363636363424e-01,7.272246494835599151e-02
3.755681818181818010e-01,6.912095575518719670e-01
3.765151515151515249e-01,5.448584199479000745e-01
3.782196969696969835e-01,2.190736025522710406e-01
3.799242424242424421e-01,9.830056250524989991e-01
3.816287878787879007e-01,2.530623524472730423e-01
3.825757575757575690e-01,5.108696700528980728e-01
3.842803030303030276e-01,7.251983074468739687e-01
3.859848484848484862e-01,3.873371505335398979e-02
3.876893939393939448e-01,8.026657375535251049e-01
3.886363636363636131e-01,4.334022399462469366e-01
3.903409090909090717e-01,3.305297825539810219e-01
3.920454545454545303e-01,9.055381949458478630e-01
3.937499999999999889e-01,1.416061724456199045e-01
3.946969696969697128e-01,6.223258500546080541e-01
3.964015151515151714e-01,6.137421274452208309e-01
3.981060606060606299e-01,1.501898950550071277e-01
3.998106060606060330e-01,9.141219175552350862e-01
4.007575757575757569e-01,3.219460599445937987e-01
4.024621212121212155e-01,4.419859625556341598e-01
4.041666666666666741e-01,7.940820149441378817e-01
4.058712121212121327e-01,3.014999244390992317e-02
4.068181818181818010e-01,7.337820300562611919e-01
4.085227272727272596e-01,5.022859474435108496e-01
4.102272727272727182e-01,2.616460750567171090e-01
4.119318181818181768e-01,9.744219024431117759e-01
4.128787878787879007e-01,2.104898799428838174e-01
4.145833333333333592e-01,5.534421425573441411e-01
4.162878787878787623e-01,6.826258349424847438e-01
4.179924242424242209e-01,8.130618755774321471e-02
4.189393939393939448e-01,8.452382100579711732e-01
4.206439393939394034e-01,3.908297674418577117e-01
4.223484848484848619e-01,3.731022550583702468e-01
4.240530303030303205e-01,8.629657224414017946e-01
4.249999999999999889e-01,9.903369994123067954e-02
4.267045454545454475e-01,6.648983225589972790e-01
4.284090909090909061e-01,5.711696549407747625e-01
4.301136363636363646e-01,1.927623675593963526e-01
4.310606060606060330e-01,9.566943900596243111e-01
4.327651515151514916e-01,2.793735874401477304e-01
4.344696969696969502e-01,4.845584350600802281e-01
4.361742424242424088e-01,7.515095424397486568e-01
4.371212121212121327e-01,1.242248006047930176e-02
4.388257575757575912e-01,7.763545025607072603e-01
4.405303030303030498e-01,4.597134749391216246e-01
4.422348484848485084e-01,3.042185475611063339e-01
4.431818181818181768e-01,9.318494299386657076e-01
4.448863636363636354e-01,1.679174074384945925e-01
4.465909090909090939e-01,5.960146150617333660e-01
4.482954545454545525e-01,6.400533624380386755e-01
4.492424242424242209e-01,1.238786600621324396e-01
4.509469696969696795e-01,8.878106825623603982e-01
4.526515151515151381e-01,3.482572949374116433e-01
4.543560606060605966e-01,4.156747275627594718e-01
4.553030303030303205e-01,8.203932499370125697e-01
4.570075757575757791e-01,5.646122743678461120e-02
4.587121212121212377e-01,7.074707950633865039e-01
4.604166666666666408e-01,5.285971824363855376e-01
4.613636363636363646e-01,2.353348400638424209e-01
4.630681818181818232e-01,9.992668625640135360e-01
4.647727272727272818e-01,2.368011149357585055e-01
4.664772727272727404e-01,5.271309075644694531e-01
4.674242424242424088e-01,7.089370699353025884e-01
4.691287878787878673e-01,5.499495256486852668e-02
4.708333333333333259e-01,8.189269750650964852e-01
4.725378787878787845e-01,4.171410024346755563e-01
4.734848484848485084e-01,3.467910200654955588e-01
4.751893939393939670e-01,8.892769574342764827e-01
4.768939393939393701e-01,1.253449349340485242e-01
4.785984848484848286e-01,6.385870875661225909e-01
4.795454545454545525e-01,5.974808899336494505e-01
4.812500000000000111e-01,1.664511325665785080e-01
4.829545454545454697e-01,9.303831550667496231e-01
4.846590909090909283e-01,3.056848224330224184e-01
4.856060606060605966e-01,4.582472000672055401e-01
4.873106060606060552e-01,7.778207774326233448e-01
4.890151515151515138e-01,1.388875493239538628e-02
4.907196969696969724e-01,7.500432675678325722e-01
4.916666666666666408e-01,4.860247099319963127e-01
4.933712121212120993e-01,2.779073125682316459e-01
4.950757575757575579e-01,9.581606649315403956e-01
4.967803030303030165e-01,1.942286424313124371e-01
4.977272727272727404e-01,5.697033800688586780e-01
4.994318181818181990e-01,6.663645974309133635e-01
5.011363636363636020e-01,9.756742506931459502e-02
5.028409090909090606e-01,8.614994475694857101e-01
5.037878787878787845e-01,3.745685299302863314e-01
5.054924242424242431e-01,3.893634925699416272e-01
5.071969696969697017e-01,8.467044849298872577e-01
5.089015151515151603e-01,8.277246242965929923e-02
5.098484848484848841e-01,6.811595600705686593e-01
5.115530303030303427e-01,5.549084174292602256e-01
5.132575757575758013e-01,2.090236050709677329e-01
5.149621212121212599e-01,9.729556275711956914e-01
5.159090909090908728e-01,2.631123499286331935e-01
5.176136363636363313e-01,5.008196725715947650e-01
5.193181818181817899e-01,7.352483049281772765e-01
5.210227272727272485e-01,2.868371757199383865e-02
5.219696969696969724e-01,7.926157400722217972e-01
5.236742424242424310e-01,4.434522374275502443e-01
5.253787878787878896e-01,3.204797850726777142e-01
5.270833333333333481e-01,9.155881924271511707e-01
5.280303030303030720e-01,1.516561699269232122e-01
5.297348484848485306e-01,6.122758525733047463e-01
5.314393939393939892e-01,6.237921249265241386e-01
5.331439393939394478e-01,1.401398975737038199e-01
5.340909090909090606e-01,9.040719200739317785e-01
5.357954545454545192e-01,3.319960574258971064e-01
5.374999999999999778e-01,4.319359650743308521e-01
5.392045454545454364e-01,8.041320124254411894e-01
5.401515151515151603e-01,4.019998992527007431e-02
5.418560606060606188e-01,7.237320325749578842e-01
5.435606060606060774e-01,5.123359449248141573e-01
5.452651515151515360e-01,2.515960775753569578e-01
5.462121212121212599e-01,9.844718999244150837e-01
5.479166666666667185e-01,2.205398774241871251e-01
5.496212121212120660e-01,5.433921450759839900e-01
5.513257575757575246e-01,6.926758324237880515e-01
5.522727272727272485e-01,7.125619007643990699e-02
5.539772727272727071e-01,8.351882125766678655e-01
5.556818181818181657e-01,4.008797649231610194e-01
5.573863636363636243e-01,3.630522575770669391e-01
5.583333333333333481e-01,8.730157199227051024e-01
5.600378787878788067e-01,1.090836974225339873e-01
5.617424242424242653e-01,6.548483250776939713e-01
5.634469696969697239e-01,5.812196524220780702e-01
5.643939393939394478e-01,1.827123700780930449e-01
5.660984848484847953e-01,9.466443925783210034e-01
5.678030303030302539e-01,2.894235849214510381e-01
5.695075757575757125e-01,4.745084375787200770e-01
5.704545454545454364e-01,7.615595399210519645e-01
5.721590909090908950e-01,2.372482579175994033e-03
5.738636363636363535e-01,7.663045050793471091e-01
5.755681818181818121e-01,4.697634724204249324e-01
5.765151515151515360e-01,2.941685500798030262e-01
5.782196969696969946e-01,9.418994274200258587e-01
5.799242424242424532e-01,1.779674049197979002e-01
5.816287878787879118e-01,5.859646175804300583e-01
5.825757575757575246e-01,6.501033599193988266e-01
5.842803030303029832e-01,1.138286625808291319e-01
5.859848484848484418e-01,8.777606850810570904e-01
5.876893939393939004e-01,3.583072924187149511e-01
5.886363636363636243e-01,4.056247300814561640e-01
5.903409090909090828e-01,8.304432474183158774e-01
5.920454545454545414e-01,6.651122491808791892e-02
5.937500000000000000e-01,6.974207975820831962e-01
5.946969696969697239e-01,5.386471799176888453e-01
5.964015151515151825e-01,2.252848425825391132e-01
5.981060606060606410e-01,9.892168650827102283e-01
5.998106060606060996e-01,2.468511124170618132e-01
6.007575757575757125e-01,5.170809100831661453e-01
6.024621212121211711e-01,7.189870674166627396e-01
6.041666666666666297e-01,4.494495508356521896e-02
6.058712121212120882e-01,8.088769775837931775e-01
6.068181818181818121e-01,4.271909999160357074e-01
6.085227272727272707e-01,3.367410225841922511e-01
6.102272727272727293e-01,8.993269549155797904e-01
6.119318181818181879e-01,1.353949324154086753e-01
6.128787878787879118e-01,6.285370900848192832e-01
6.145833333333333703e-01,6.075308874149527583e-01
6.162878787878788289e-01,1.564011350852752003e-01
6.179924242424242875e-01,9.203331575854463154e-01
6.189393939393939004e-01,3.157348199143257261e-01
6.206439393939393590e-01,4.481972025859022324e-01
6.223484848484848175e-01,7.878707749139266525e-01
6.240530303030302761e-01,2.393875241369869400e-02
6.250000000000000000e-01,7.399932700865292645e-01
6.267045454545454586e-01,4.960747074132996204e-01
6.284090909090909172e-01,2.678573150869283381e-01
6.301136363636363757e-01,9.682106624128437034e-01
6.310606060606060996e-01,2.042786399126725883e-01
6.327651515151515582e-01,5.596533825876122137e-01
6.344696969696970168e-01,6.764145949122166712e-01
6.361742424242424754e-01,8.751742758795444388e-02
6.371212121212120882e-01,8.514494500882392458e-01
6.388257575757575468e-01,3.846185274115896391e-01
6.405303030303030054e-01,3.793134950885814760e-01
6.422348484848484640e-01,8.567544824111337221e-01
6.431818181818181879e-01,9.282245991096260695e-02
6.448863636363636465e-01,6.711095625892085081e-01
6.465909090909091050e-01,5.649584149105066899e-01
6.482954545454545636e-01,1.989736075896644252e-01
6.492424242424242875e-01,9.629056300898355403e-01
6.509469696969697461e-01,2.731623474098796578e-01
6.526515151515152047e-01,4.907696750902914573e-01
6.543560606060605522e-01,7.452983024095374276e-01
6.553030303030302761e-01,1.863372009074737434e-02
6.570075757575757347e-01,7.825657425909184894e-01
6.587121212121211933e-01,4.535022349089103955e-01
6.604166666666666519e-01,3.104297875913744065e-01
6.613636363636363757e-01,9.256381899084544784e-01
6.630681818181818343e-01,1.617061674082833633e-01
6.647727272727272929e-01,6.022258550920014386e-01
6.664772727272727515e-01,6.338421224078274463e-01
6.674242424242424754e-01,1.300899000923436688e-01
6.691287878787879340e-01,8.940219225926284707e-01
6.708333333333332815e-01,3.420460549072004142e-01
6.725378787878787401e-01,4.218859675929707009e-01
6.734848484848484640e-01,8.141820099067444971e-01
6.751893939393939226e-01,5.024998740657338203e-02
6.768939393939393812e-01,7.136820350935977331e-01
6.785984848484848397e-01,5.223859424061174650e-01
6.795454545454545636e-01,2.415460800940536501e-01
6.812500000000000222e-01,9.945218974057752348e-01
6.829545454545454808e-01,2.305898749054904329e-01
6.846590909090909394e-01,5.333421475946806822e-01
6.856060606060605522e-01,7.027258299051482027e-01
6.873106060606060108e-01,6.120619259513659927e-02
6.890151515151514694e-01,8.251382150953077144e-01
6.907196969696969280e-01,4.109297624044074837e-01
6.916666666666666519e-01,3.530022600957636314e-01
6.933712121212121104e-01,8.830657174040652535e-01
6.950757575757575690e-01,1.191336949037804516e-01
6.967803030303030276e-01,6.447983275963906635e-01
6.977272727272727515e-01,5.912696499034382214e-01
6.994318181818182101e-01,1.726623725968465806e-01
7.011363636363636687e-01,9.365943950970176957e-01
7.028409090909091272e-01,2.994735824028111892e-01
7.037878787878787401e-01,4.644584400974736127e-01
7.054924242424241987e-01,7.716095374023552722e-01
7.071969696969696573e-01,7.677514902184157108e-03
7.089015151515151159e-01,7.562545075981006448e-01
7.098484848484848397e-01,4.798134699017282401e-01
7.115530303030302983e-01,2.841185525984428750e-01
7.132575757575757569e-01,9.519494249012723230e-01
7.149621212121212155e-01,1.880174024011012079e-01
7.159090909090909394e-01,5.759146200990699072e-01
7.176136363636363980e-01,6.601533574006452909e-01
7.193181818181818565e-01,1.037786650995258242e-01
7.210227272727273151e-01,8.677106875996969393e-01
7.219696969696969280e-01,3.683572899000182588e-01
7.236742424242423866e-01,3.955747326001528563e-01
7.253787878787878451e-01,8.404932448996760286e-01
7.270833333333333037e-01,7.656122239939122665e-02
7.280303030303030276e-01,6.873708001007798885e-01
7.297348484848484862e-01,5.486971773990489964e-01
7.314393939393939448e-01,2.152348451012358055e-01
7.331439393939394034e-01,9.791668676014069206e-01
7.340909090909091272e-01,2.569011098984219643e-01
7.357954545454545858e-01,5.070309126018628376e-01
7.375000000000000444e-01,7.290370648979660473e-01
7.392045454545455030e-01,3.489495760220506781e-02
7.401515151515151159e-01,7.988269801024898698e-01
7.418560606060605744e-01,4.372409973973390152e-01
7.435606060606060330e-01,3.266910251028320999e-01
7.452651515151514916e-01,9.093769523968830981e-01
7.462121212121212155e-01,1.454449298967119830e-01
7.479166666666666741e-01,6.184870926035728189e-01
7.496212121212121327e-01,6.175808848962560660e-01
7.513257575757575912e-01,1.463511376039150491e-01
7.522727272727273151e-01,9.102831601041998510e-01
7.539772727272727737e-01,3.257848173956290339e-01
7.556818181818182323e-01,4.381472051045420812e-01
7.573863636363636909e-01,7.979207723951731168e-01
7.583333333333333037e-01,3.398874989500200172e-02
7.600378787878787623e-01,7.299432726051691134e-01
7.617424242424242209e-01,5.061247048945460847e-01
7.634469696969696795e-01,2.578073176056250304e-01
7.643939393939394034e-01,9.782606598942038545e-01
7.660984848484848619e-01,2.143286373939190526e-01
7.678030303030303205e-01,5.496033851062520625e-01
7.695075757575757791e-01,6.864645923935768224e-01
7.704545454545455030e-01,7.746743010670797958e-02
7.721590909090909616e-01,8.413994526068790947e-01
7.738636363636363091e-01,3.946685248929497902e-01
7.755681818181817677e-01,3.692634976073350117e-01
7.765151515151514916e-01,8.668044798924938732e-01
7.782196969696969502e-01,1.028724573923227581e-01
7.799242424242424088e-01,6.610595651079620438e-01
7.816287878787878673e-01,5.750084123918668411e-01
7.825757575757575912e-01,1.889236101083042740e-01
7.842803030303030498e-01,9.528556326085890760e-01
7.859848484848485084e-01,2.832123448912398089e-01
7.876893939393939670e-01,4.807196776089313062e-01
7.886363636363636909e-01,7.553482998907838919e-01
7.903409090909090384e-01,8.583722609387223201e-03
7.920454545454544970e-01,7.725157451095583383e-01
7.937499999999999556e-01,4.635522323901568598e-01
7.946969696969696795e-01,3.003797901100142553e-01
7.964015151515151381e-01,9.356881873898146296e-01
7.981060606060605966e-01,1.717561648895298276e-01
7.998106060606060552e-01,5.921758576106412875e-01
8.007575757575757791e-01,6.438921198891875974e-01
8.024621212121212377e-01,1.200399026110972045e-01
8.041666666666666963e-01,8.839719251112683196e-01
8.058712121212121549e-01,3.520960523885605653e-01
8.068181818181817677e-01,4.118359701117242366e-01
8.085227272727272263e-01,8.242320073881046483e-01
8.102272727272726849e-01,6.029998488781984634e-02
8.119318181818181435e-01,7.036320376123512688e-01
8.128787878787878673e-01,5.324359398874776161e-01
8.145833333333333259e-01,2.314960826128071858e-01
8.162878787878787845e-01,9.954281051129783009e-01
8.179924242424242431e-01,2.406398723868505840e-01
8.189393939393939670e-01,5.232921501134342179e-01
8.206439393939394256e-01,7.127758273863946670e-01
8.223484848484848841e-01,5.115619511377644812e-02
8.240530303030303427e-01,8.150882176140612501e-01
8.249999999999999556e-01,4.209797598857676348e-01
8.267045454545454142e-01,3.429522626144034803e-01
8.284090909090908728e-01,8.931157148853117178e-01
8.301136363636363313e-01,1.291836923851406027e-01
8.310606060606060552e-01,6.347483301150305124e-01
8.327651515151515138e-01,6.013196473846846857e-01
8.344696969696969724e-01,1.626123751154864294e-01
8.361742424242424310e-01,9.265443976156575445e-01
8.371212121212121549e-01,3.095235798840576535e-01
8.388257575757576134e-01,4.544084426161134616e-01
8.405303030303030720e-01,7.816595348837154233e-01
8.422348484848485306e-01,1.772751238343062141e-02
8.431818181818181435e-01,7.462045101167404937e-01
8.448863636363636020e-01,4.898634673830883912e-01
8.465909090909090606e-01,2.740685551171964107e-01
8.482954545454545192e-01,9.619994223826324742e-01
8.492424242424242431e-01,1.980673998824613591e-01
8.509469696969697017e-01,5.658646226178234429e-01
8.526515151515151603e-01,6.702033548820054421e-01
8.543560606060606188e-01,9.372866761816567305e-02
8.553030303030303427e-01,8.576606901184504750e-01
8.570075757575758013e-01,3.784072873813784099e-01
8.587121212121212599e-01,3.855247351187927052e-01
8.604166666666667185e-01,8.505432423809224929e-01
8.613636363636363313e-01,8.661121988075137779e-02
8.630681818181817899e-01,6.773208026194197373e-01
8.647727272727272485e-01,5.587471748802954608e-01
8.664772727272727071e-01,2.051848476198756543e-01
8.674242424242424310e-01,9.691168701201604563e-01
8.691287878787878896e-01,2.669511073796684286e-01
8.708333333333333481e-01,4.969809151205026865e-01
8.725378787878788067e-01,7.390870623792125116e-01
8.734848484848485306e-01,2.484496012095860351e-02
8.751893939393939892e-01,7.887769826211297186e-01
8.768939393939394478e-01,4.472909948785854795e-01
8.785984848484847953e-01,3.166410276215856356e-01
8.795454545454545192e-01,9.194269498782432493e-01
8.812499999999999778e-01,1.554949273779584473e-01
8.829545454545454364e-01,6.084370951222126678e-01
8.846590909090908950e-01,6.276308823776162171e-01
8.856060606060606188e-01,1.363011401226685848e-01
8.873106060606060774e-01,9.002331626228396999e-01
8.890151515151515360e-01,3.358348148769891850e-01
8.907196969696969946e-01,4.280972076232956169e-01
8.916666666666667185e-01,8.079707698765332680e-01
8.933712121212120660e-01,4.403874737636215286e-02
8.950757575757575246e-01,7.198932751239226491e-01
8.967803030303029832e-01,5.161747023759062358e-01
8.977272727272727071e-01,2.477573201242648793e-01
8.994318181818181657e-01,9.883106573754503188e-01
9.011363636363636243e-01,2.243786348752792037e-01
9.028409090909090828e-01,5.395533876248919114e-01
9.037878787878788067e-01,6.965145898748232867e-01
9.054924242424242653e-01,6.741743262534782843e-02
9.071969696969697239e-01,8.313494551255189435e-01
9.089015151515151825e-01,4.047185223741962545e-01
9.098484848484847953e-01,3.592135001259748606e-01
9.115530303030302539e-01,8.768544773738540243e-01
9.132575757575757125e-01,1.129224548735692224e-01
9.149621212121211711e-01,6.510095676266018927e-01
9.159090909090908950e-01,5.850584098732269922e-01
9.176136363636363535e-01,1.788736126270578097e-01
9.193181818181818121e-01,9.428056351272289248e-01
9.210227272727272707e-01,2.932623423725999601e-01
9.219696969696969946e-01,4.706696801276848419e-01
9.236742424242424532e-01,7.653982973721440430e-01
9.253787878787879118e-01,1.466274871972927940e-03
9.270833333333333703e-01,7.624657476283118740e-01
9.280303030303029832e-01,4.736022298715170109e-01
9.297348484848484418e-01,2.903297926287677910e-01
9.314393939393939004e-01,9.457381848710610939e-01
9.331439393939393590e-01,1.818061623708899788e-01
9.340909090909090828e-01,5.821258601293948232e-01
9.357954545454545414e-01,6.539421173704340617e-01
9.375000000000000000e-01,1.099899051297370534e-01
9.392045454545454586e-01,8.739219276300218553e-01
9.401515151515151825e-01,3.621460498698070296e-01
9.418560606060606410e-01,4.017859726303640855e-01
9.435606060606060996e-01,8.342820048693511126e-01
9.452651515151515582e-01,7.034998236917999748e-02
9.462121212121211711e-01,6.935820401309911176e-01
9.479166666666666297e-01,5.424859373687240804e-01
9.496212121212120882e-01,2.214460851314470347e-01
9.513257575757575468e-01,9.853781076316181498e-01
9.522727272727272707e-01,2.506898698680970483e-01
9.539772727272727293e-01,5.132421526320740668e-01
9.556818181818181879e-01,7.228258248677548181e-01
9.573863636363636465e-01,4.110619763252998382e-02
9.583333333333333703e-01,8.050382201327010989e-01
9.600378787878788289e-01,4.310297573671277860e-01
9.617424242424242875e-01,3.329022651331570160e-01
9.634469696969697461e-01,9.031657123666718689e-01
9.643939393939393590e-01,1.392336898665007539e-01
9.660984848484848175e-01,6.246983326337840481e-01
9.678030303030302761e-01,6.113696448660448368e-01
9.695075757575757347e-01,1.525623776341262783e-01
9.704545454545454586e-01,9.164944001344110802e-01
9.721590909090909172e-01,3.195735773654178047e-01
9.738636363636363757e-01,4.443584451347533104e-01
9.755681818181818343e-01,7.917095323649618877e-01
9.765151515151515582e-01,2.777750986479077255e-02
9.782196969696970168e-01,7.361545126353803425e-01
9.799242424242424754e-01,4.999134648643348555e-01
9.816287878787879340e-01,2.640185576358362596e-01
9.825757575757575468e-01,9.720494198639926253e-01
9.842803030303030054e-01,2.081173973637078234e-01
9.859848484848484640e-01,5.558146251364632917e-01
9.876893939393939226e-01,6.802533523632519064e-01
9.886363636363636465e-01,8.367867013691920874e-02
9.903409090909091050e-01,8.476106926370903238e-01
9.920454545454545636e-01,3.884572848626248742e-01
9.937500000000000222e-01,3.754747376375462409e-01
9.946969696969697461e-01,8.605932398622826440e-01
9.964015151515152047e-01,9.666121736199784209e-02
9.981060606060605522e-01,6.672708051381732730e-01
9.998106060606060108e-01,5.687971723616556119e-01
