5.102040816326531072e-04,1.236067977499999970e-01
1.530612244897959105e-03,7.416407865000000932e-01
2.551020408163265103e-03,3.596747752500000228e-01
3.571428571428571317e-03,9.777087639999999524e-01
4.591836734693877965e-03,5.957427527500001041e-01
5.612244897959183312e-03,2.137767415000002558e-01
6.632653061224489527e-03,8.318107302499999633e-01
7.653061224489795741e-03,4.498447190000005591e-01
8.673469387755101956e-03,6.787870775000026669e-02
9.693877551020408170e-03,6.859126964999999743e-01
1.071428571428571438e-02,3.039466852500005700e-01
1.173469387755102060e-02,9.219806740000002776e-01
1.275510204081632681e-02,5.400146627499999852e-01
1.377551020408163303e-02,1.580486514999996928e-01
1.479591836734693924e-02,7.760826402500011767e-01
1.581632653061224372e-02,3.941166290000008843e-01
1.683673469387755167e-02,1.215061775000059185e-02
1.785714285714285615e-02,6.301846065000002994e-01
1.887755102040816410e-02,2.482185952500000070e-01
1.989795918367346858e-02,8.662525840000014909e-01
2.091836734693877653e-02,4.842865727500011985e-01
2.193877551020408101e-02,1.023205615000009061e-01
2.295918367346938896e-02,7.203545502500006137e-01
2.397959183673469344e-02,3.383885390000003213e-01
2.500000000000000139e-02,9.564225277500000288e-01
2.602040816326530587e-02,5.744565165000015128e-01
2.704081632653061382e-02,1.924905052499994440e-01
2.806122448979591830e-02,8.105244940000027043e-01
2.908163265306122278e-02,4.285584827500024119e-01
3.010204081632653073e-02,4.659247150000211946e-02
3.112244897959183521e-02,6.646264602500018270e-01
3.214285714285713969e-02,2.826604490000015346e-01
3.316326530612245110e-02,9.006944377500012422e-01
3.418367346938775558e-02,5.187284265000009498e-01
3.520408163265306006e-02,1.367624152500006574e-01
3.622448979591836454e-02,7.547964040000003649e-01
3.724489795918367596e-02,3.728303927500000725e-01
3.826530612244898044e-02,9.908643814999997801e-01
3.928571428571428492e-02,6.088983702500030404e-01
4.030612244897958940e-02,2.269323590000027480e-01
4.132653061224490082e-02,8.449663477500024555e-01
4.234693877551020530e-02,4.630003365000021631e-01
4.336734693877550978e-02,8.103432525000187070e-02
4.438775510204081426e-02,6.990683140000015783e-01
4.540816326530612568e-02,3.171023027500012859e-01
4.642857142857143016e-02,9.351362915000009934e-01
4.744897959183673464e-02,5.531702802500007010e-01
4.846938775510203912e-02,1.712042690000004086e-01
4.948979591836734360e-02,7.892382577500001162e-01
5.051020408163265502e-02,4.072722465000033765e-01
5.153061224489795950e-02,2.530623525000308405e-02
5.255102040816326397e-02,6.433402240000027916e-01
5.357142857142856845e-02,2.613742127499989465e-01
5.459183673469387987e-02,8.794082014999986541e-01
5.561224489795918435e-02,4.974421902500054671e-01
5.663265306122448883e-02,1.154761790000051747e-01
5.765306122448979331e-02,7.335101677500048822e-01
5.867346938775510473e-02,3.515441565000045898e-01
5.969387755102040921e-02,9.695781452500042974e-01
6.071428571428571369e-02,5.876121340000040050e-01
6.173469387755101817e-02,2.056461227500037126e-01
6.275510204081632959e-02,8.236801115000034201e-01
6.377551020408163407e-02,4.417141002500031277e-01
6.479591836734693855e-02,5.974808900000283529e-02
6.581632653061224303e-02,6.777820777500025429e-01
6.683673469387754751e-02,2.958160665000022505e-01
6.785714285714285199e-02,9.138500552500019580e-01
6.887755102040815647e-02,5.318840440000016656e-01
6.989795918367347483e-02,1.499180327500013732e-01
7.091836734693877931e-02,7.679520215000010808e-01
7.193877551020408379e-02,3.859860102500007883e-01
7.295918367346938826e-02,4.019999000000495926e-03
7.397959183673469274e-02,6.220539877500002035e-01
7.499999999999999722e-02,2.400879764999999111e-01
7.602040816326530170e-02,8.581219652499996187e-01
7.704081632653060618e-02,4.761559540000064317e-01
7.806122448979592454e-02,9.418994275000613925e-02
7.908163265306122902e-02,7.122239315000058468e-01
8.010204081632653350e-02,3.302579202500055544e-01
8.112244897959183798e-02,9.482919090000052620e-01
8.214285714285714246e-02,5.663258977500049696e-01
8.316326530612244694e-02,1.843598865000046771e-01
8.418367346938775142e-02,8.023938752500043847e-01
8.520408163265305590e-02,4.204278640000040923e-01
8.622448979591837426e-02,3.846185275000379988e-02
8.724489795918367874e-02,6.564958415000035075e-01
8.826530612244898322e-02,2.745298302500032150e-01
8.928571428571428770e-02,8.925638190000029226e-01
9.030612244897959218e-02,5.105978077500026302e-01
9.132653061224489666e-02,1.286317965000023378e-01
9.234693877551020114e-02,7.466657852500020454e-01
9.336734693877550562e-02,3.646997740000017529e-01
9.438775510204081010e-02,9.827337627500014605e-01
9.540816326530612845e-02,6.007677515000011681e-01
9.642857142857143293e-02,2.188017402500008757e-01
9.744897959183673741e-02,8.368357290000005833e-01
9.846938775510204189e-02,4.548697177500002908e-01
9.948979591836734637e-02,7.290370650000710384e-02
1.005102040816326509e-01,6.909376952500068114e-01
1.015306122448979553e-01,3.089716840000065190e-01
1.025510204081632598e-01,9.270056727500062266e-01
1.035714285714285782e-01,5.450396615000059342e-01
1.045918367346938826e-01,1.630736502500056417e-01
1.056122448979591871e-01,7.811076390000053493e-01
1.066326530612244916e-01,3.991416277499979515e-01
1.076530612244897961e-01,1.717561649999765905e-02
1.086734693877551006e-01,6.352096052499973666e-01
1.096938775510204050e-01,2.532435940000112851e-01
1.107142857142857095e-01,8.712775827500109926e-01
1.117346938775510140e-01,4.893115715000107002e-01
1.127551020408163324e-01,1.073455602500104078e-01
1.137755102040816368e-01,7.253795490000101154e-01
1.147959183673469413e-01,3.434135377500098230e-01
1.158163265306122458e-01,9.614475265000095305e-01
1.168367346938775503e-01,5.794815152500092381e-01
1.178571428571428548e-01,1.975155040000089457e-01
1.188775510204081592e-01,8.155494927500086533e-01
1.198979591836734637e-01,4.335834815000083609e-01
1.209183673469387821e-01,5.161747025000806843e-02
1.219387755102040866e-01,6.696514590000077760e-01
1.229591836734693910e-01,2.876854477500074836e-01
1.239795918367346955e-01,9.057194365000071912e-01
1.250000000000000000e-01,5.237534252500068988e-01
1.260204081632653184e-01,1.417874140000066063e-01
1.270408163265306090e-01,7.598214027500063139e-01
1.280612244897959273e-01,3.778553915000060215e-01
1.290816326530612179e-01,9.958893802500057291e-01
1.301020408163265363e-01,6.139233690000054366e-01
1.311224489795918269e-01,2.319573577500051442e-01
1.321428571428571452e-01,8.499913465000048518e-01
1.331632653061224358e-01,4.680253352500045594e-01
1.341836734693877542e-01,8.605932400000426696e-02
1.352040816326530726e-01,7.040933127500039745e-01
1.362244897959183632e-01,3.221273015000036821e-01
1.372448979591836815e-01,9.401612902500033897e-01
1.382653061224489721e-01,5.581952790000030973e-01
1.392857142857142905e-01,1.762292677500028049e-01
1.403061224489795811e-01,7.942632565000025124e-01
1.413265306122448994e-01,4.122972452500022200e-01
1.423469387755102178e-01,3.033123400000192760e-02
1.433673469387755084e-01,6.483652227500016352e-01
1.443877551020408267e-01,2.663992115000013428e-01
1.454081632653061174e-01,8.844332002500010503e-01
1.464285714285714357e-01,5.024671890000007579e-01
1.474489795918367263e-01,1.205011777500004655e-01
1.484693877551020447e-01,7.385351665000001731e-01
1.494897959183673353e-01,3.565691552499998807e-01
1.505102040816326536e-01,9.746031439999995882e-01
1.515306122448979720e-01,5.926371327499992958e-01
1.525510204081632626e-01,2.106711214999990034e-01
1.535714285714285809e-01,8.287051102500129218e-01
1.545918367346938715e-01,4.467390990000126294e-01
1.556122448979591899e-01,6.477308775001233698e-02
1.566326530612244805e-01,6.828070765000120446e-01
1.576530612244897989e-01,3.008410652500117521e-01
1.586734693877550895e-01,9.188750540000114597e-01
1.596938775510204078e-01,5.369090427500111673e-01
1.607142857142857262e-01,1.549430315000108749e-01
1.617346938775510168e-01,7.729770202500105825e-01
1.627551020408163351e-01,3.910110090000102900e-01
1.637755102040816257e-01,9.044997750009997617e-03
1.647959183673469441e-01,6.270789865000097052e-01
1.658163265306122347e-01,2.451129752500094128e-01
1.668367346938775531e-01,8.631469640000091204e-01
1.678571428571428437e-01,4.811809527500088279e-01
1.688775510204081620e-01,9.921494150000853551e-02
1.698979591836734804e-01,7.172489302500082431e-01
1.709183673469387710e-01,3.352829190000079507e-01
1.719387755102040893e-01,9.533169077500076583e-01
1.729591836734693799e-01,5.713508965000073658e-01
1.739795918367346983e-01,1.893848852500070734e-01
1.749999999999999889e-01,8.074188740000067810e-01
1.760204081632653073e-01,4.254528627500064886e-01
1.770408163265306256e-01,4.348685150000619615e-02
1.780612244897959162e-01,6.615208402500059037e-01
1.790816326530612346e-01,2.795548290000056113e-01
1.801020408163265252e-01,8.975888177500053189e-01
1.811224489795918435e-01,5.156228065000050265e-01
1.821428571428571341e-01,1.336567952500047340e-01
1.831632653061224525e-01,7.516907840000044416e-01
1.841836734693877431e-01,3.697247727500041492e-01
1.852040816326530615e-01,9.877587615000038568e-01
1.862244897959183798e-01,6.057927502500035644e-01
1.872448979591836704e-01,2.238267390000032719e-01
1.882653061224489888e-01,8.418607277500029795e-01
1.892857142857142794e-01,4.598947165000026871e-01
1.903061224489795977e-01,7.792870525000239468e-02
1.913265306122448883e-01,6.959626940000021023e-01
1.923469387755102067e-01,3.139966827500018098e-01
1.933673469387754973e-01,9.320306715000015174e-01
1.943877551020408156e-01,5.500646602500012250e-01
1.954081632653061340e-01,1.680986490000009326e-01
1.964285714285714246e-01,7.861326377500006402e-01
1.974489795918367430e-01,4.041666265000145586e-01
1.984693877551020336e-01,2.220061525001426617e-02
1.994897959183673519e-01,6.402346040000139737e-01
2.005102040816326425e-01,2.582685927500136813e-01
2.015306122448979609e-01,8.763025815000133889e-01
2.025510204081632515e-01,4.943365702500130965e-01
2.035714285714285698e-01,1.123705590000128041e-01
2.045918367346938882e-01,7.304045477500125116e-01
2.056122448979591788e-01,3.484385365000122192e-01
2.066326530612244972e-01,9.664725252500119268e-01
2.076530612244897878e-01,5.845065140000116344e-01
2.086734693877551061e-01,2.025405027500113420e-01
2.096938775510203967e-01,8.205744915000110495e-01
2.107142857142857151e-01,4.386084802500107571e-01
2.117346938775510334e-01,5.664246900002467555e-02
2.127551020408163240e-01,6.746764577499959614e-01
2.137755102040816424e-01,2.927104464999956690e-01
2.147959183673469330e-01,9.107444352499953766e-01
2.158163265306122514e-01,5.287784239999950842e-01
2.168367346938775420e-01,1.468124127499947917e-01
2.178571428571428603e-01,7.648464014999944993e-01
2.188775510204081509e-01,3.828803902500226286e-01
2.198979591836734693e-01,9.143790000223361858e-04
2.209183673469387876e-01,6.189483677500220438e-01
2.219387755102040782e-01,2.369823565000217513e-01
2.229591836734693966e-01,8.550163452500214589e-01
2.239795918367346872e-01,4.730503340000211665e-01
2.250000000000000056e-01,9.108432275002087408e-02
2.260204081632652962e-01,7.091183115000205817e-01
2.270408163265306145e-01,3.271523002500202892e-01
2.280612244897959051e-01,9.451862890000199968e-01
2.290816326530612235e-01,5.632202777500197044e-01
2.301020408163265418e-01,1.812542665000194120e-01
2.311224489795918324e-01,7.992882552500191196e-01
2.321428571428571508e-01,4.173222440000188271e-01
2.331632653061224414e-01,3.535623275001853472e-02
2.341836734693877597e-01,6.533902215000182423e-01
2.352040816326530503e-01,2.714242102500179499e-01
2.362244897959183687e-01,8.894581990000176575e-01
2.372448979591836871e-01,5.074921877500173650e-01
2.382653061224489777e-01,1.255261765000170726e-01
2.392857142857142960e-01,7.435601652500167802e-01
2.403061224489795866e-01,3.615941540000164878e-01
2.413265306122449050e-01,9.796281427500161954e-01
2.423469387755101956e-01,5.976621315000159029e-01
2.433673469387755139e-01,2.156961202500156105e-01
2.443877551020408045e-01,8.337301090000153181e-01
2.454081632653061229e-01,4.517640977500150257e-01
2.464285714285714413e-01,6.979808650001473325e-02
2.474489795918367319e-01,6.878320752500144408e-01
2.484693877551020502e-01,3.058660640000141484e-01
2.494897959183673408e-01,9.239000527500138560e-01
2.505102040816326592e-01,5.419340415000135636e-01
2.515306122448979775e-01,1.599680302500132711e-01
2.525510204081632404e-01,7.780020190000129787e-01
2.535714285714285587e-01,3.960360077500126863e-01
2.545918367346938771e-01,1.406999650001239388e-02
2.556122448979591955e-01,6.321039852500121015e-01
2.566326530612245138e-01,2.501379740000118090e-01
2.576530612244897767e-01,8.681719627500115166e-01
2.586734693877550950e-01,4.862059515000112242e-01
2.596938775510204134e-01,1.042399402500109318e-01
2.607142857142857317e-01,7.222739290000106394e-01
2.617346938775509946e-01,3.403079177500103469e-01
2.627551020408163129e-01,9.583419065000100545e-01
2.637755102040816313e-01,5.763758952500097621e-01
2.647959183673469497e-01,1.944098840000094697e-01
2.658163265306122680e-01,8.124438727500091773e-01
2.668367346938775309e-01,4.304778615000088848e-01
2.678571428571428492e-01,4.851185025000859241e-02
2.688775510204081676e-01,6.665458390000083000e-01
2.698979591836734859e-01,2.845798277500080076e-01
2.709183673469387488e-01,9.026138165000077151e-01
2.719387755102040671e-01,5.206478052500074227e-01
2.729591836734693855e-01,1.386817940000071303e-01
2.739795918367347038e-01,7.567157827500068379e-01
2.750000000000000222e-01,3.747497715000065455e-01
2.760204081632652851e-01,9.927837602500062530e-01
2.770408163265306034e-01,6.108177490000059606e-01
2.780612244897959218e-01,2.288517377500056682e-01
2.790816326530612401e-01,8.468857265000053758e-01
2.801020408163265030e-01,4.649197152500050834e-01
2.811224489795918213e-01,8.295370400000479094e-02
2.821428571428571397e-01,7.009876927500044985e-01
2.831632653061224580e-01,3.190216815000042061e-01
2.841836734693877764e-01,9.370556702500039137e-01
2.852040816326530392e-01,5.550896590000036213e-01
2.862244897959183576e-01,1.731236477500033288e-01
2.872448979591836760e-01,7.911576365000030364e-01
2.882653061224489943e-01,4.091916252500027440e-01
2.892857142857143127e-01,2.722561400000245158e-02
2.903061224489795755e-01,6.452596027500021592e-01
2.913265306122448939e-01,2.632935915000018667e-01
2.923469387755102122e-01,8.813275802500015743e-01
2.933673469387755306e-01,4.993615690000012819e-01
2.943877551020407934e-01,1.173955577500009895e-01
2.954081632653061118e-01,7.354295465000006971e-01
2.964285714285714302e-01,3.534635352500004046e-01
2.974489795918367485e-01,9.714975240000001122e-01
2.984693877551020669e-01,5.895315127499998198e-01
2.994897959183673297e-01,2.075655014999995274e-01
3.005102040816326481e-01,8.255994902499992349e-01
3.015306122448979664e-01,4.436334789999989425e-01
3.025510204081632848e-01,6.166746774999865011e-02
3.035714285714285476e-01,6.797014564999983577e-01
3.045918367346938660e-01,2.977354452499980653e-01
3.056122448979591844e-01,9.157694340000261946e-01
3.066326530612245027e-01,5.338034227500259021e-01
3.076530612244898211e-01,1.518374115000256097e-01
3.086734693877550839e-01,7.698714002500253173e-01
3.096938775510204023e-01,3.879053890000250249e-01
3.107142857142857206e-01,5.939377750024732450e-03
3.117346938775510390e-01,6.239733665000244400e-01
3.127551020408163018e-01,2.420073552500241476e-01
3.137755102040816202e-01,8.600413440000238552e-01
3.147959183673469385e-01,4.780753327500235628e-01
3.158163265306122569e-01,9.610932150002327035e-02
3.168367346938775753e-01,7.141433102500229779e-01
3.178571428571428381e-01,3.321772990000226855e-01
3.188775510204081565e-01,9.502112877500223931e-01
3.198979591836734748e-01,5.682452765000221007e-01
3.209183673469387932e-01,1.862792652500218082e-01
3.219387755102040560e-01,8.043132540000215158e-01
3.229591836734693744e-01,4.223472427500212234e-01
3.239795918367346927e-01,4.038123150002093098e-02
3.250000000000000111e-01,6.584152202500206386e-01
3.260204081632653295e-01,2.764492090000203461e-01
3.270408163265305923e-01,8.944831977500200537e-01
3.280612244897959107e-01,5.125171865000197613e-01
3.290816326530612290e-01,1.305511752500194689e-01
3.301020408163265474e-01,7.485851640000191765e-01
3.311224489795918102e-01,3.666191527500188840e-01
3.321428571428571286e-01,9.846531415000185916e-01
3.331632653061224469e-01,6.026871302500182992e-01
3.341836734693877653e-01,2.207211190000180068e-01
3.352040816326530837e-01,8.387551077500177144e-01
3.362244897959183465e-01,4.567890965000174219e-01
3.372448979591836649e-01,7.482308525001712951e-02
3.382653061224489832e-01,6.928570740000168371e-01
3.392857142857143016e-01,3.108910627500165447e-01
3.403061224489795644e-01,9.289250515000162522e-01
3.413265306122448828e-01,5.469590402500159598e-01
3.423469387755102011e-01,1.649930290000156674e-01
3.433673469387755195e-01,7.830270177500153750e-01
3.443877551020408379e-01,4.010610065000150826e-01
3.454081632653061007e-01,1.909499525001479014e-02
3.464285714285714191e-01,6.371289840000144977e-01
3.474489795918367374e-01,2.551629727500142053e-01
3.484693877551020558e-01,8.731969615000139129e-01
3.494897959183673741e-01,4.912309502500136205e-01
3.505102040816326370e-01,1.092649390000133280e-01
3.515306122448979553e-01,7.272989277500130356e-01
3.525510204081632737e-01,3.453329165000127432e-01
3.535714285714285920e-01,9.633669052500124508e-01
3.545918367346938549e-01,5.814008940000121584e-01
3.556122448979591733e-01,1.994348827500118659e-01
3.566326530612244916e-01,8.174688715000115735e-01
3.576530612244898100e-01,4.355028602500112811e-01
3.586734693877551283e-01,5.353684900001098868e-02
3.596938775510203912e-01,6.715708377500106963e-01
3.607142857142857095e-01,2.896048265000104038e-01
3.617346938775510279e-01,9.076388152500101114e-01
3.627551020408163462e-01,5.256728040000098190e-01
3.637755102040816091e-01,1.437067927500095266e-01
3.647959183673469274e-01,7.617407815000092342e-01
3.658163265306122458e-01,3.797747702500089417e-01
3.668367346938775642e-01,9.978087590000086493e-01
3.678571428571428825e-01,6.158427477500083569e-01
3.688775510204081454e-01,2.338767365000080645e-01
3.698979591836734637e-01,8.519107252500077720e-01
3.709183673469387821e-01,4.699447140000074796e-01
3.719387755102041004e-01,8.797870275000718721e-02
3.729591836734693633e-01,7.060126915000068948e-01
3.739795918367346816e-01,3.240466802500066024e-01
3.750000000000000000e-01,9.420806690000063099e-01
3.760204081632653184e-01,5.601146577500060175e-01
3.770408163265306367e-01,1.781486465000057251e-01
3.780612244897958996e-01,7.961826352500054327e-01
3.790816326530612179e-01,4.142166240000051403e-01
3.801020408163265363e-01,3.225061275000484784e-02
3.811224489795918546e-01,6.502846015000045554e-01
3.821428571428571175e-01,2.683185902500042630e-01
3.831632653061224358e-01,8.863525790000039706e-01
3.841836734693877542e-01,5.043865677500036782e-01
3.852040816326530726e-01,1.224205565000033857e-01
3.862244897959183909e-01,7.404545452500030933e-01
3.872448979591836538e-01,3.584885340000028009e-01
3.882653061224489721e-01,9.765225227500025085e-01
3.892857142857142905e-01,5.945565115000022161e-01
3.903061224489796088e-01,2.125905002500019236e-01
3.913265306122448717e-01,8.306244890000016312e-01
3.923469387755101900e-01,4.486584777500013388e-01
3.933673469387755084e-01,6.669246650002946808e-02
3.943877551020408267e-01,6.847264552500291757e-01
3.954081632653061451e-01,3.027604440000288832e-01
3.964285714285714080e-01,9.207944327500285908e-01
3.974489795918367263e-01,5.388284215000282984e-01
3.984693877551020447e-01,1.568624102500280060e-01
3.994897959183673630e-01,7.748963990000277136e-01
4.005102040816326259e-01,3.929303877500274211e-01
4.015306122448979442e-01,1.096437650002712871e-02
4.025510204081632626e-01,6.289983652500268363e-01
4.035714285714285809e-01,2.470323540000265439e-01
4.045918367346938993e-01,8.650663427500262515e-01
4.056122448979591621e-01,4.831003315000259590e-01
4.066326530612244805e-01,1.011343202500256666e-01
4.076530612244897989e-01,7.191683090000253742e-01
4.086734693877551172e-01,3.372022977500250818e-01
4.096938775510204356e-01,9.552362865000247893e-01
4.107142857142856984e-01,5.732702752500244969e-01
4.117346938775510168e-01,1.913042640000242045e-01
4.127551020408163351e-01,8.093382527500239121e-01
4.137755102040816535e-01,4.273722415000236197e-01
4.147959183673469163e-01,4.540623025002332724e-02
4.158163265306122347e-01,6.634402190000230348e-01
4.168367346938775531e-01,2.814742077500227424e-01
4.178571428571428714e-01,8.995081965000224500e-01
4.188775510204081898e-01,5.175421852500221576e-01
4.198979591836734526e-01,1.355761740000218651e-01
4.209183673469387710e-01,7.536101627500215727e-01
4.219387755102040893e-01,3.716441515000212803e-01
4.229591836734694077e-01,9.896781402500209879e-01
4.239795918367346705e-01,6.077121290000491172e-01
4.249999999999999889e-01,2.257461177500204030e-01
4.260204081632653073e-01,8.437801065000485323e-01
4.270408163265306256e-01,4.618140952500198182e-01
4.280612244897959440e-01,7.984808400004794748e-02
4.290816326530612068e-01,6.978820727500192334e-01
4.301020408163265252e-01,3.159160615000473626e-01
4.311224489795918435e-01,9.339500502500186485e-01
4.321428571428571619e-01,5.519840390000467778e-01
4.331632653061224247e-01,1.700180277500180637e-01
4.341836734693877431e-01,7.880520165000461930e-01
4.352040816326530615e-01,4.060860052500174788e-01
4.362244897959183798e-01,2.411999400004560812e-02
4.372448979591836982e-01,6.421539827500737374e-01
4.382653061224489610e-01,2.601879715000450233e-01
4.392857142857142794e-01,8.782219602500731526e-01
4.403061224489795977e-01,4.962559490000444384e-01
4.413265306122449161e-01,1.142899377500725677e-01
4.423469387755101789e-01,7.323239265000438536e-01
4.433673469387754973e-01,3.503579152500719829e-01
4.443877551020408156e-01,9.683919040000432688e-01
4.454081632653061340e-01,5.864258927500713980e-01
4.464285714285714524e-01,2.044598815000426839e-01
4.474489795918367152e-01,8.224938702500708132e-01
4.484693877551020336e-01,4.405278590000420991e-01
4.494897959183673519e-01,5.856184775007022836e-02
4.505102040816326703e-01,6.765958365000415142e-01
4.515306122448979331e-01,2.946298252500696435e-01
4.525510204081632515e-01,9.126638140000409294e-01
4.535714285714285698e-01,5.306978027500690587e-01
4.545918367346938882e-01,1.487317915000403445e-01
4.556122448979592066e-01,7.667657802500684738e-01
4.566326530612244694e-01,3.847997690000397597e-01
4.576530612244897878e-01,2.833757750067888992e-03
4.586734693877551061e-01,6.208677465000391749e-01
4.596938775510204245e-01,2.389017352500673042e-01
4.607142857142856873e-01,8.569357240000385900e-01
4.617346938775510057e-01,4.749697127500667193e-01
4.627551020408163240e-01,9.300370150003800518e-02
4.637755102040816424e-01,7.110376902500661345e-01
4.647959183673469608e-01,3.290716790000374203e-01
4.658163265306122236e-01,9.471056677500655496e-01
4.668367346938775420e-01,5.651396565000368355e-01
4.678571428571428603e-01,1.831736452500649648e-01
4.688775510204081787e-01,8.012076340000362507e-01
4.698979591836734970e-01,4.192416227500643799e-01
4.709183673469387599e-01,3.727561150003566581e-02
4.719387755102040782e-01,6.553096002500637951e-01
4.729591836734693966e-01,2.733435890000350810e-01
4.739795918367347149e-01,8.913775777500632103e-01
4.749999999999999778e-01,5.094115665000344961e-01
4.760204081632652962e-01,1.274455552500626254e-01
4.770408163265306145e-01,7.454795440000339113e-01
4.780612244897959329e-01,3.635135327500620406e-01
4.790816326530612512e-01,9.815475215000333264e-01
4.801020408163265141e-01,5.995815102500614557e-01
4.811224489795918324e-01,2.176154990000327416e-01
4.821428571428571508e-01,8.356494877500608709e-01
4.831632653061224691e-01,4.536834765000321568e-01
4.841836734693877320e-01,7.171746525006028605e-02
4.852040816326530503e-01,6.897514540000315719e-01
4.862244897959183687e-01,3.077854427500597012e-01
4.872448979591836871e-01,9.258194315000309871e-01
4.882653061224490054e-01,5.438534202500591164e-01
4.892857142857142683e-01,1.618874090000304022e-01
4.903061224489795866e-01,7.799213977500585315e-01
4.913265306122449050e-01,3.979553865000298174e-01
4.923469387755102233e-01,1.598937525005794669e-02
4.933673469387754862e-01,6.340233640000292326e-01
4.943877551020408045e-01,2.520573527500573618e-01
4.954081632653061229e-01,8.700913415000286477e-01
4.964285714285714413e-01,4.881253302500567770e-01
4.974489795918367596e-01,1.061593190000280629e-01
4.984693877551020225e-01,7.241933077500561922e-01
4.994897959183673408e-01,3.422272965000274780e-01
5.005102040816326037e-01,9.602612852500556073e-01
5.015306122448979220e-01,5.782952740000268932e-01
5.025510204081632404e-01,1.963292627500550225e-01
5.035714285714285587e-01,8.143632515000263083e-01
5.045918367346938771e-01,4.323972402500544376e-01
5.056122448979591955e-01,5.043122900002572351e-02
5.066326530612245138e-01,6.684652177500538528e-01
5.076530612244898322e-01,2.864992065000251387e-01
5.086734693877551505e-01,9.045331952500532680e-01
5.096938775510203579e-01,5.225671840000245538e-01
5.107142857142856762e-01,1.406011727500526831e-01
5.117346938775509946e-01,7.586351615000239690e-01
5.127551020408163129e-01,3.766691502500520983e-01
5.137755102040816313e-01,9.947031390000233841e-01
5.147959183673469497e-01,6.127371277500515134e-01
5.158163265306122680e-01,2.307711165000227993e-01
5.168367346938775864e-01,8.488051052500509286e-01
5.178571428571429047e-01,4.668390940000222145e-01
5.188775510204081121e-01,8.487308275005034375e-02
5.198979591836734304e-01,7.029070715000216296e-01
5.209183673469387488e-01,3.209410602500497589e-01
5.219387755102040671e-01,9.389750490000210448e-01
5.229591836734693855e-01,5.570090377500491741e-01
5.239795918367347038e-01,1.750430265000773034e-01
5.250000000000000222e-01,7.930770152500485892e-01
5.260204081632653406e-01,4.111110040000767185e-01
5.270408163265306589e-01,2.914499275004800438e-02
5.280612244897958663e-01,6.471789815000761337e-01
5.290816326530611846e-01,2.652129702500474195e-01
5.301020408163265030e-01,8.832469590000755488e-01
5.311224489795918213e-01,5.012809477500468347e-01
5.321428571428571397e-01,1.193149365000749640e-01
5.331632653061224580e-01,7.373489252500462499e-01
5.341836734693877764e-01,3.553829140000743791e-01
5.352040816326530948e-01,9.734169027500456650e-01
5.362244897959184131e-01,5.914508915000737943e-01
5.372448979591836205e-01,2.094848802500450802e-01
5.382653061224489388e-01,8.275188690000732095e-01
5.392857142857142572e-01,4.455528577500444953e-01
5.403061224489795755e-01,6.358684650007262462e-02
5.413265306122448939e-01,6.816208352500439105e-01
5.423469387755102122e-01,2.996548240000720398e-01
5.433673469387755306e-01,9.176888127500433257e-01
5.443877551020408490e-01,5.357228015000714549e-01
5.454081632653061673e-01,1.537567902500427408e-01
5.464285714285713746e-01,7.717907790000708701e-01
5.474489795918366930e-01,3.898247677500421560e-01
5.484693877551020114e-01,7.858756500070285256e-03
5.494897959183673297e-01,6.258927452500415711e-01
5.505102040816326481e-01,2.439267340000697004e-01
5.515306122448979664e-01,8.619607227500409863e-01
5.525510204081632848e-01,4.799947115000691156e-01
5.535714285714286031e-01,9.802870025004040144e-02
5.545918367346939215e-01,7.160626890000685307e-01
5.556122448979591288e-01,3.340966777500398166e-01
5.566326530612244472e-01,9.521306665000679459e-01
5.576530612244897656e-01,5.701646552500392318e-01
5.586734693877550839e-01,1.881986440000673610e-01
5.596938775510204023e-01,8.062326327500386469e-01
5.607142857142857206e-01,4.242666215000667762e-01
5.617346938775510390e-01,4.230061025003806208e-02
5.627551020408163573e-01,6.603345990000661914e-01
5.637755102040816757e-01,2.783685877500374772e-01
5.647959183673469941e-01,8.964025765000656065e-01
5.658163265306122014e-01,5.144365652500368924e-01
5.668367346938775198e-01,1.324705540000650217e-01
5.678571428571428381e-01,7.505045427500363076e-01
5.688775510204081565e-01,3.685385315000644368e-01
5.698979591836734748e-01,9.865725202500357227e-01
5.709183673469387932e-01,6.046065090000638520e-01
5.719387755102041115e-01,2.226404977500351379e-01
5.729591836734694299e-01,8.406744865000632672e-01
5.739795918367347483e-01,4.587084752500345530e-01
5.749999999999999556e-01,7.674246400006268232e-02
5.760204081632652739e-01,6.947764527500339682e-01
5.770408163265305923e-01,3.128104415000620975e-01
5.780612244897959107e-01,9.308444302500333833e-01
5.790816326530612290e-01,5.488784190000615126e-01
5.801020408163265474e-01,1.669124077500327985e-01
5.811224489795918657e-01,7.849463965000609278e-01
5.821428571428571841e-01,4.029803852500322137e-01
5.831632653061225025e-01,2.101437400006034295e-02
5.841836734693877098e-01,6.390483627500316288e-01
5.852040816326530281e-01,2.570823515000597581e-01
5.862244897959183465e-01,8.751163402500310440e-01
5.872448979591836649e-01,4.931503290000591733e-01
5.882653061224489832e-01,1.111843177500304591e-01
5.892857142857143016e-01,7.292183065000585884e-01
5.903061224489796199e-01,3.472522952500298743e-01
5.913265306122449383e-01,9.652862840000580036e-01
5.923469387755102566e-01,5.833202727500292895e-01
5.933673469387754640e-01,2.013542615000574187e-01
5.943877551020407823e-01,8.193882502500287046e-01
5.954081632653061007e-01,4.374222390000568339e-01
5.964285714285714191e-01,5.545622775002811977e-02
5.974489795918367374e-01,6.734902165000562491e-01
5.984693877551020558e-01,2.915242052500275349e-01
5.994897959183673741e-01,9.095581940000556642e-01
6.005102040816326925e-01,5.275921827500269501e-01
6.015306122448980108e-01,1.456261715000550794e-01
6.025510204081632182e-01,7.636601602500263652e-01
6.035714285714285365e-01,3.816941490000544945e-01
6.045918367346938549e-01,9.997281377500257804e-01
6.056122448979591733e-01,6.177621265000539097e-01
6.066326530612244916e-01,2.357961152500251956e-01
6.076530612244898100e-01,8.538301040000533249e-01
6.086734693877551283e-01,4.718640927500246107e-01
6.096938775510204467e-01,8.989808150005274001e-02
6.107142857142857650e-01,7.079320702500808693e-01
6.117346938775509724e-01,3.259660590000521552e-01
6.127551020408162907e-01,9.440000477500802845e-01
6.137755102040816091e-01,5.620340365000515703e-01
6.147959183673469274e-01,1.800680252500796996e-01
6.158163265306122458e-01,7.981020140000509855e-01
6.168367346938775642e-01,4.161360027500791148e-01
6.178571428571428825e-01,3.416999150005040065e-02
6.188775510204082009e-01,6.522039802500785299e-01
6.198979591836735192e-01,2.702379690000498158e-01
6.209183673469387266e-01,8.882719577500779451e-01
6.219387755102040449e-01,5.063059465000492310e-01
6.229591836734693633e-01,1.243399352500773603e-01
6.239795918367346816e-01,7.423739240000486461e-01
6.250000000000000000e-01,3.604079127500767754e-01
6.260204081632653184e-01,9.784419015000480613e-01
6.270408163265306367e-01,5.964758902500761906e-01
6.280612244897959551e-01,2.145098790000474764e-01
6.290816326530612734e-01,8.325438677500756057e-01
6.301020408163264808e-01,4.505778565000468916e-01
6.311224489795917991e-01,6.861184525007502089e-02
6.321428571428571175e-01,6.866458340000463068e-01
6.331632653061224358e-01,3.046798227500744360e-01
6.341836734693877542e-01,9.227138115000457219e-01
6.352040816326530726e-01,5.407478002500738512e-01
6.362244897959183909e-01,1.587817890000451371e-01
6.372448979591837093e-01,7.768157777500732664e-01
6.382653061224490276e-01,3.948497665000445522e-01
6.392857142857142350e-01,1.288375525007268152e-02
6.403061224489795533e-01,6.309177440000439674e-01
6.413265306122448717e-01,2.489517327500720967e-01
6.423469387755101900e-01,8.669857215000433825e-01
6.433673469387755084e-01,4.850197102500715118e-01
6.443877551020408267e-01,1.030536990000427977e-01
6.454081632653061451e-01,7.210876877500709270e-01
6.464285714285714635e-01,3.391216765000422129e-01
6.474489795918367818e-01,9.571556652500703422e-01
6.484693877551019892e-01,5.751896540000416280e-01
6.494897959183673075e-01,1.932236427500697573e-01
6.505102040816326259e-01,8.112576315000410432e-01
6.515306122448979442e-01,4.292916202500691725e-01
6.525510204081632626e-01,4.732560900004045834e-02
6.535714285714285809e-01,6.653595977500685876e-01
6.545918367346938993e-01,2.833935865000398735e-01
6.556122448979592177e-01,9.014275752500680028e-01
6.566326530612245360e-01,5.194615640000392887e-01
6.576530612244897434e-01,1.374955527500674179e-01
6.586734693877550617e-01,7.555295415000387038e-01
6.596938775510203801e-01,3.735635302500668331e-01
6.607142857142856984e-01,9.915975190000381190e-01
6.617346938775510168e-01,6.096315077500662483e-01
6.627551020408163351e-01,2.276654965000375341e-01
6.637755102040816535e-01,8.456994852500656634e-01
6.647959183673469719e-01,4.637334740000369493e-01
6.658163265306122902e-01,8.176746275006507858e-02
6.668367346938774975e-01,6.998014515000363645e-01
6.678571428571428159e-01,3.178354402500644937e-01
6.688775510204081343e-01,9.358694290000357796e-01
6.698979591836734526e-01,5.539034177500639089e-01
6.709183673469387710e-01,1.719374065000351948e-01
6.719387755102040893e-01,7.899713952500633241e-01
6.729591836734694077e-01,4.080053840000346099e-01
6.739795918367347261e-01,2.603937275006273921e-02
6.750000000000000444e-01,6.440733615000340251e-01
6.760204081632652517e-01,2.621073502500621544e-01
6.770408163265305701e-01,8.801413390000334402e-01
6.780612244897958885e-01,4.981753277500615695e-01
6.790816326530612068e-01,1.162093165000328554e-01
6.801020408163265252e-01,7.342433052500609847e-01
6.811224489795918435e-01,3.522772940000322706e-01
6.821428571428571619e-01,9.703112827500603998e-01
6.831632653061224802e-01,5.883452715000316857e-01
6.841836734693877986e-01,2.063792602500598150e-01
6.852040816326530059e-01,8.244132490000311009e-01
6.862244897959183243e-01,4.424472377500592302e-01
6.872448979591836427e-01,6.048122650003051604e-02
6.882653061224489610e-01,6.785152152500586453e-01
6.892857142857142794e-01,2.965492040000299312e-01
6.903061224489795977e-01,9.145831927500580605e-01
6.913265306122449161e-01,5.326171815000293464e-01
6.923469387755102344e-01,1.506511702500574756e-01
6.933673469387755528e-01,7.686851590000287615e-01
6.943877551020408712e-01,3.867191477500568908e-01
6.954081632653060785e-01,4.753136500028176670e-03
6.964285714285713969e-01,6.227871252500563060e-01
6.974489795918367152e-01,2.408211140000844352e-01
6.984693877551020336e-01,8.588551027500557211e-01
6.994897959183673519e-01,4.768890915000838504e-01
7.005102040816326703e-01,9.492308025005513628e-02
7.015306122448979886e-01,7.129570690000832656e-01
7.025510204081633070e-01,3.309910577500545514e-01
7.035714285714286254e-01,9.490250465000826807e-01
7.045918367346938327e-01,5.670590352500539666e-01
7.056122448979591510e-01,1.850930240000820959e-01
7.066326530612244694e-01,8.031270127500533818e-01
7.076530612244897878e-01,4.211610015000815110e-01
7.086734693877551061e-01,3.919499025005279691e-02
7.096938775510204245e-01,6.572289790000809262e-01
7.107142857142857428e-01,2.752629677500522121e-01
7.117346938775510612e-01,8.932969565000803414e-01
7.127551020408163795e-01,5.113309452500516272e-01
7.137755102040815869e-01,1.293649340000797565e-01
7.147959183673469052e-01,7.473989227500510424e-01
7.158163265306122236e-01,3.654329115000791717e-01
7.168367346938775420e-01,9.834669002500504575e-01
7.178571428571428603e-01,6.015008890000785868e-01
7.188775510204081787e-01,2.195348777500498727e-01
7.198979591836734970e-01,8.375688665000780020e-01
7.209183673469388154e-01,4.556028552500492879e-01
7.219387755102041337e-01,7.363684400007741715e-02
7.229591836734693411e-01,6.916708327500487030e-01
7.239795918367346594e-01,3.097048215000768323e-01
7.249999999999999778e-01,9.277388102500481182e-01
7.260204081632652962e-01,5.457727990000762475e-01
7.270408163265306145e-01,1.638067877500475333e-01
7.280612244897959329e-01,7.818407765000756626e-01
7.290816326530612512e-01,3.998747652500469485e-01
7.301020408163265696e-01,1.790875400007507778e-02
7.311224489795918879e-01,6.359427427500463637e-01
7.321428571428570953e-01,2.539767315000744929e-01
7.331632653061224136e-01,8.720107202500457788e-01
7.341836734693877320e-01,4.900447090000739081e-01
7.352040816326530503e-01,1.080786977500451940e-01
7.362244897959183687e-01,7.261126865000733233e-01
7.372448979591836871e-01,3.441466752500446091e-01
7.382653061224490054e-01,9.621806640000727384e-01
7.392857142857143238e-01,5.802146527500440243e-01
7.403061224489796421e-01,1.982486415000721536e-01
7.413265306122448495e-01,8.162826302500434394e-01
7.423469387755101678e-01,4.343166190000715687e-01
7.433673469387754862e-01,5.235060775004285460e-02
7.443877551020408045e-01,6.703845965000709839e-01
7.454081632653061229e-01,2.884185852500422698e-01
7.464285714285714413e-01,9.064525740000703991e-01
7.474489795918367596e-01,5.244865627500416849e-01
7.484693877551020780e-01,1.425205515000698142e-01
7.494897959183673963e-01,7.605545402500411001e-01
7.505102040816326037e-01,3.785885290000692294e-01
7.515306122448979220e-01,9.966225177500405152e-01
7.525510204081632404e-01,6.146565065000686445e-01
7.535714285714285587e-01,2.326904952500399304e-01
7.545918367346938771e-01,8.507244840000680597e-01
7.556122448979591955e-01,4.687584727500393456e-01
7.566326530612245138e-01,8.679246150006747484e-02
7.576530612244898322e-01,7.048264502500387607e-01
7.586734693877551505e-01,3.228604390000668900e-01
7.596938775510203579e-01,9.408944277500381759e-01
7.607142857142856762e-01,5.589284165000663052e-01
7.617346938775509946e-01,1.769624052500375910e-01
7.627551020408163129e-01,7.949963940000657203e-01
7.637755102040816313e-01,4.130303827500370062e-01
7.647959183673469497e-01,3.106437150006513548e-02
7.658163265306122680e-01,6.490983602500364213e-01
7.668367346938775864e-01,2.671323490000645506e-01
7.678571428571429047e-01,8.851663377500358365e-01
7.688775510204081121e-01,5.032003265000639658e-01
7.698979591836734304e-01,1.212343152500352517e-01
7.709183673469387488e-01,7.392683040000633810e-01
7.719387755102040671e-01,3.573022927500346668e-01
7.729591836734693855e-01,9.753362815000627961e-01
7.739795918367347038e-01,5.933702702500340820e-01
7.750000000000000222e-01,2.114042590000622113e-01
7.760204081632653406e-01,8.294382477500334971e-01
7.770408163265306589e-01,4.474722365000616264e-01
7.780612244897958663e-01,6.550622525003291230e-02
7.790816326530611846e-01,6.835402140000610416e-01
7.801020408163265030e-01,3.015742027500323275e-01
7.811224489795918213e-01,9.196081915000604567e-01
7.821428571428571397e-01,5.376421802500317426e-01
7.831632653061224580e-01,1.556761690000598719e-01
7.841836734693877764e-01,7.737101577500311578e-01
7.852040816326530948e-01,3.917441465000592871e-01
7.862244897959184131e-01,9.778135250087416352e-03
7.872448979591836205e-01,6.278121240000587022e-01
7.882653061224489388e-01,2.458461127500868315e-01
7.892857142857142572e-01,8.638801015000581174e-01
7.903061224489795755e-01,4.819140902500862467e-01
7.913265306122448939e-01,9.994807900005753254e-02
7.923469387755102122e-01,7.179820677500856618e-01
7.933673469387755306e-01,3.360160565000569477e-01
7.943877551020408490e-01,9.540500452500850770e-01
7.954081632653061673e-01,5.720840340000563629e-01
7.964285714285713746e-01,1.901180227500844921e-01
7.974489795918366930e-01,8.081520115000557780e-01
7.984693877551020114e-01,4.261860002500839073e-01
7.994897959183673297e-01,4.421998900005519317e-02
8.005102040816326481e-01,6.622539777500833225e-01
8.015306122448979664e-01,2.802879665000546083e-01
8.025510204081632848e-01,8.983219552500827376e-01
8.035714285714286031e-01,5.163559440000540235e-01
8.045918367346939215e-01,1.343899327500821528e-01
8.056122448979591288e-01,7.524239215000534386e-01
8.066326530612244472e-01,3.704579102500815679e-01
8.076530612244897656e-01,9.884918990000528538e-01
8.086734693877550839e-01,6.065258877500809831e-01
8.096938775510204023e-01,2.245598765000522690e-01
8.107142857142857206e-01,8.425938652500803983e-01
8.117346938775510390e-01,4.606278540000516841e-01
8.127551020408163573e-01,7.866184275007981341e-02
8.137755102040816757e-01,6.966958315000510993e-01
8.147959183673469941e-01,3.147298202500792286e-01
8.158163265306122014e-01,9.327638090000505144e-01
8.168367346938775198e-01,5.507977977500786437e-01
8.178571428571428381e-01,1.688317865000499296e-01
8.188775510204081565e-01,7.868657752500780589e-01
8.198979591836734748e-01,4.048997640000493448e-01
8.209183673469387932e-01,2.293375275007747405e-02
8.219387755102041115e-01,6.409677415000487599e-01
8.229591836734694299e-01,2.590017302500768892e-01
8.239795918367347483e-01,8.770357190000481751e-01
8.249999999999999556e-01,4.950697077500763044e-01
8.260204081632652739e-01,1.131036965000475902e-01
8.270408163265305923e-01,7.311376852500757195e-01
8.280612244897959107e-01,3.491716740000470054e-01
8.290816326530612290e-01,9.672056627500751347e-01
8.301020408163265474e-01,5.852396515000464206e-01
8.311224489795918657e-01,2.032736402500745498e-01
8.321428571428571841e-01,8.213076290000458357e-01
8.331632653061225025e-01,4.393416177500739650e-01
8.341836734693877098e-01,5.737560650004525087e-02
8.352040816326530281e-01,6.754095952500733802e-01
8.362244897959183465e-01,2.934435840000446660e-01
8.372448979591836649e-01,9.114775727500727953e-01
8.382653061224489832e-01,5.295115615000440812e-01
8.392857142857143016e-01,1.475455502500722105e-01
8.403061224489796199e-01,7.655795390000434963e-01
8.413265306122449383e-01,3.836135277500716256e-01
8.423469387755102566e-01,1.647516500042911503e-03
8.433673469387754640e-01,6.196815052500710408e-01
8.443877551020407823e-01,2.377154940000423267e-01
8.454081632653061007e-01,8.557494827500704559e-01
8.464285714285714191e-01,4.737834715000417418e-01
8.474489795918367374e-01,9.181746025001302769e-02
8.484693877551020558e-01,7.098514489999843136e-01
8.494897959183673741e-01,3.278854377499555994e-01
8.505102040816326925e-01,9.459194265000405721e-01
8.515306122448980108e-01,5.639534152500118580e-01
8.525510204081632182e-01,1.819874039999831439e-01
8.535714285714285365e-01,8.000213927499544297e-01
8.545918367346938549e-01,4.180553815000394025e-01
8.556122448979591733e-01,3.608937025001068832e-02
8.566326530612244916e-01,6.541233589999819742e-01
8.576530612244898100e-01,2.721573477499532601e-01
8.586734693877551283e-01,8.901913365000382328e-01
8.596938775510204467e-01,5.082253252500095186e-01
8.607142857142857650e-01,1.262593139999808045e-01
8.617346938775509724e-01,7.442933027499520904e-01
8.627551020408162907e-01,3.623272915000370631e-01
8.637755102040816091e-01,9.803612802500083490e-01
8.647959183673469274e-01,5.983952689999796348e-01
8.658163265306122458e-01,2.164292577499509207e-01
8.668367346938775642e-01,8.344632465000358934e-01
8.678571428571428825e-01,4.524972352500071793e-01
8.688775510204082009e-01,7.053122399997846514e-02
8.698979591836735192e-01,6.885652127499497510e-01
8.709183673469387266e-01,3.065992015000347237e-01
8.719387755102040449e-01,9.246331902500060096e-01
8.729591836734693633e-01,5.426671789999772955e-01
8.739795918367346816e-01,1.607011677500622682e-01
8.750000000000000000e-01,7.787351565000335540e-01
8.760204081632653184e-01,3.967691452500048399e-01
8.770408163265306367e-01,1.480313399997612578e-02
8.780612244897959551e-01,6.328371227500610985e-01
8.790816326530612734e-01,2.508711115000323844e-01
8.801020408163264808e-01,8.689051002500036702e-01
8.811224489795917991e-01,4.869390889999749561e-01
8.821428571428571175e-01,1.049730777500599288e-01
8.831632653061224358e-01,7.230070665000312147e-01
8.841836734693877542e-01,3.410410552500025005e-01
8.852040816326530726e-01,9.590750439999737864e-01
8.862244897959183909e-01,5.771090327500587591e-01
8.872448979591837093e-01,1.951430215000300450e-01
8.882653061224490276e-01,8.131770102500013309e-01
8.892857142857142350e-01,4.312109989999726167e-01
8.903061224489795533e-01,4.924498775005758944e-02
8.913265306122448717e-01,6.672789765000288753e-01
8.923469387755101900e-01,2.853129652500001612e-01
8.933673469387755084e-01,9.033469539999714470e-01
8.943877551020408267e-01,5.213809427500564198e-01
8.954081632653061451e-01,1.394149315000277056e-01
8.964285714285714635e-01,7.574489202499989915e-01
8.974489795918367818e-01,3.754829089999702774e-01
8.984693877551019892e-01,9.935168977500552501e-01
8.994897959183673075e-01,6.115508865000265359e-01
9.005102040816326259e-01,2.295848752499978218e-01
9.015306122448979442e-01,8.476188639999691077e-01
9.025510204081632626e-01,4.656528527500540804e-01
9.035714285714285809e-01,8.368684150002536626e-02
9.045918367346938993e-01,7.017208302499966521e-01
9.056122448979592177e-01,3.197548189999679380e-01
9.066326530612245360e-01,9.377888077500529107e-01
9.076530612244897434e-01,5.558227965000241966e-01
9.086734693877550617e-01,1.738567852499954824e-01
9.096938775510203801e-01,7.918907739999667683e-01
9.107142857142856984e-01,4.099247627500517410e-01
9.117346938775510168e-01,2.795875150002302689e-02
9.127551020408163351e-01,6.459927402499943128e-01
9.137755102040816535e-01,2.640267289999655986e-01
9.147959183673469719e-01,8.820607177500505713e-01
9.158163265306122902e-01,5.000947065000218572e-01
9.168367346938774975e-01,1.181286952499931431e-01
9.178571428571428159e-01,7.361626839999644289e-01
9.188775510204081343e-01,3.541966727500494017e-01
9.198979591836734526e-01,9.722306615000206875e-01
9.209183673469387710e-01,5.902646502499919734e-01
9.219387755102040893e-01,2.082986389999632593e-01
9.229591836734694077e-01,8.263326277500482320e-01
9.239795918367347261e-01,4.443666165000195178e-01
9.250000000000000444e-01,6.240060524999080371e-02
9.260204081632652517e-01,6.804345939999620896e-01
9.270408163265305701e-01,2.984685827500470623e-01
9.280612244897958885e-01,9.165025715000183482e-01
9.290816326530612068e-01,5.345365602499896340e-01
9.301020408163265252e-01,1.525705489999609199e-01
9.311224489795918435e-01,7.706045377500458926e-01
9.321428571428571619e-01,3.886385265000171785e-01
9.331632653061224802e-01,6.672515249988464348e-03
9.341836734693877986e-01,6.247065039999597502e-01
9.352040816326530059e-01,2.427404927500447229e-01
9.362244897959183243e-01,8.607744815000160088e-01
9.372448979591836427e-01,4.788084702499872947e-01
9.382653061224489610e-01,9.684245899995858053e-02
9.392857142857142794e-01,7.148764477500435532e-01
9.403061224489795977e-01,3.329104365000148391e-01
9.413265306122449161e-01,9.509444252499861250e-01
9.423469387755102344e-01,5.689784139999574109e-01
9.433673469387755528e-01,1.870124027500423836e-01
9.443877551020408712e-01,8.050463915000136694e-01
9.454081632653060785e-01,4.230803802499849553e-01
9.464285714285713969e-01,4.111436899995624117e-02
9.474489795918367152e-01,6.591483577500412139e-01
9.484693877551020336e-01,2.771823465000124997e-01
9.494897959183673519e-01,8.952163352499837856e-01
9.505102040816326703e-01,5.132503239999550715e-01
9.515306122448979886e-01,1.312843127500400442e-01
9.525510204081633070e-01,7.493183015000113301e-01
9.535714285714286254e-01,3.673522902499826159e-01
9.545918367346938327e-01,9.853862789999539018e-01
9.556122448979591510e-01,6.034202677500388745e-01
9.566326530612244694e-01,2.214542565000101604e-01
9.576530612244897878e-01,8.394882452499814462e-01
9.586734693877551061e-01,4.575222340000664190e-01
9.596938775510204245e-01,7.555622275003770483e-02
9.607142857142857428e-01,6.935902115000089907e-01
9.617346938775510612e-01,3.116242002499802766e-01
9.627551020408163795e-01,9.296581890000652493e-01
9.637755102040815869e-01,5.476921777500365351e-01
9.647959183673469052e-01,1.657261665000078210e-01
9.658163265306122236e-01,7.837601552499791069e-01
9.668367346938775420e-01,4.017941440000640796e-01
9.678571428571428603e-01,1.982813275003536546e-02
9.688775510204081787e-01,6.378621215000066513e-01
9.698979591836734970e-01,2.558961102499779372e-01
9.709183673469388154e-01,8.739300990000629099e-01
9.719387755102041337e-01,4.919640877500341958e-01
9.729591836734693411e-01,1.099980765000054816e-01
9.739795918367346594e-01,7.280320652499767675e-01
9.749999999999999778e-01,3.460660540000617402e-01
9.760204081632652962e-01,9.641000427500330261e-01
9.770408163265306145e-01,5.821340315000043120e-01
9.780612244897959329e-01,2.001680202499755978e-01
9.790816326530612512e-01,8.182020090000605705e-01
9.801020408163265696e-01,4.362359977500318564e-01
9.811224489795918879e-01,5.426998650000314228e-02
9.821428571428570953e-01,6.723039752499744282e-01
9.831632653061224136e-01,2.903379640000594009e-01
9.841836734693877320e-01,9.083719527500306867e-01
9.852040816326530503e-01,5.264059415000019726e-01
9.862244897959183687e-01,1.444399302499732585e-01
9.872448979591836871e-01,7.624739190000582312e-01
9.882653061224490054e-01,3.805079077500295170e-01
9.892857142857143238e-01,9.985418965000008029e-01
9.903061224489796421e-01,6.165758852499720888e-01
9.913265306122448495e-01,2.346098740000570615e-01
9.923469387755101678e-01,8.526438627500283474e-01
9.933673469387754862e-01,4.706778514999996332e-01
9.943877551020408045e-01,8.871184024997091910e-02
9.954081632653061229e-01,7.067458290000558918e-01
9.964285714285714413e-01,3.247798177500271777e-01
9.974489795918367596e-01,9.428138064999984636e-01
9.984693877551020780e-01,5.608477952499697494e-01
9.994897959183673963e-01,1.788817840000547221e-01
